7 0 1 129 208 246 105 -1 -1
7 1 1 1239 337 514 199 -1 -1
7 2 1 609 299 538 220 -1 -1
7 3 2 744 278 184 87 -1 -1
7 0 2 100 210 244 103 -1 -1
7 1 2 1182 343 520 195 -1 -1
7 2 2 524 307 537 216 -1 -1
6 4 2 348 362 284 260 -1 -1
6 5 2 717 165 102 83 -1 -1
6 6 2 747 209 142 139 -1 -1
6 7 2 649 218 110 91 -1 -1
6 8 2 577 259 137 114 -1 -1
6 9 2 677 335 208 206 -1 -1
6 1 2 505 602 334 332 -1 -1
6 10 2 1350 101 445 351 -1 -1
7 0 3 86 211 225 103 -1 -1
7 1 3 1126 346 520 193 -1 -1
7 2 3 441 307 534 223 -1 -1
6 4 3 336 371 289 268 -1 -1
6 5 3 714 165 103 83 -1 -1
6 6 3 746 210 142 138 -1 -1
6 7 3 648 219 110 91 -1 -1
6 8 3 573 260 140 118 -1 -1
6 9 3 672 338 211 212 -1 -1
6 1 3 494 618 346 350 -1 -1
6 10 3 1343 100 418 336 -1 -1
7 3 4 747 269 161 142 -1 -1
7 0 4 39 215 247 97 -1 -1
7 1 4 1066 346 523 197 -1 -1
7 2 4 357 313 531 220 -1 -1
6 4 4 320 378 301 277 -1 -1
6 5 4 713 165 103 85 -1 -1
6 6 4 746 211 141 139 -1 -1
6 7 4 647 220 111 90 -1 -1
6 8 4 569 263 143 118 -1 -1
6 9 4 666 343 217 214 -1 -1
6 1 4 483 637 358 368 -1 -1
6 10 4 1337 98 393 319 -1 -1
7 3 5 749 268 158 144 -1 -1
7 0 5 10 214 244 103 -1 -1
7 1 5 1006 348 525 198 -1 -1
7 2 5 275 317 522 223 -1 -1
6 4 5 307 388 307 284 -1 -1
6 5 5 711 166 104 85 -1 -1
6 6 5 745 211 140 140 -1 -1
6 7 5 645 222 111 89 -1 -1
6 12 5 700 289 164 139 -1 -1
6 8 5 566 265 144 118 -1 -1
6 9 5 662 346 219 221 -1 -1
6 1 5 470 655 370 391 -1 -1
6 10 5 1334 97 364 306 -1 -1
7 3 6 749 268 160 144 -1 -1
7 1 6 941 350 530 200 -1 -1
7 2 6 191 321 518 223 -1 -1
6 4 6 289 398 319 293 -1 -1
6 5 6 709 165 105 88 -1 -1
6 6 6 744 212 142 142 -1 -1
6 7 6 643 223 113 91 -1 -1
6 12 6 698 291 167 140 -1 -1
6 8 6 563 267 145 119 -1 -1
6 9 6 659 352 220 222 -1 -1
6 1 6 455 679 386 410 -1 -1
6 10 6 1329 96 346 292 -1 -1
7 3 7 749 268 160 144 -1 -1
7 1 7 877 352 533 202 -1 -1
7 2 7 110 326 508 223 -1 -1
6 4 7 272 407 329 305 -1 -1
6 5 7 707 167 106 87 -1 -1
6 6 7 742 214 143 141 -1 -1
6 7 7 640 224 115 91 -1 -1
6 12 7 694 295 169 142 -1 -1
6 8 7 560 269 147 121 -1 -1
6 9 7 653 360 226 226 -1 -1
6 1 7 442 698 400 440 -1 -1
6 10 7 1324 92 324 286 -1 -1
7 3 8 749 268 160 144 -1 -1
7 1 8 811 356 534 201 -1 -1
7 2 8 29 331 499 224 -1 -1
6 4 8 251 422 344 314 -1 -1
6 5 8 705 167 107 89 -1 -1
6 6 8 739 215 145 142 -1 -1
6 7 8 638 225 116 91 -1 -1
6 12 8 693 298 171 141 -1 -1
6 8 8 556 272 148 122 -1 -1
6 9 8 647 360 229 236 -1 -1
6 10 8 1319 86 310 280 -1 -1
7 3 9 749 268 160 144 -1 -1
7 1 9 742 359 536 202 -1 -1
7 2 9 -49 340 492 219 -1 -1
8 13 2 666 224 238 110 -1 -1
6 4 9 232 434 355 328 -1 -1
6 5 9 702 167 109 90 -1 -1
6 6 9 738 214 145 146 -1 -1
6 7 9 638 225 115 92 -1 -1
6 12 9 690 298 171 152 -1 -1
6 8 9 553 275 150 123 -1 -1
6 9 9 642 365 233 244 -1 -1
6 10 9 1314 88 293 265 -1 -1
7 3 10 749 268 160 144 -1 -1
7 1 10 676 362 532 202 -1 -1
8 13 3 681 224 235 112 -1 -1
6 4 10 209 448 368 340 -1 -1
6 5 10 701 167 109 91 -1 -1
6 6 10 735 215 149 148 -1 -1
6 7 10 637 227 115 90 -1 -1
6 12 10 688 298 172 163 -1 -1
6 8 10 548 278 151 124 -1 -1
6 9 10 634 376 241 244 -1 -1
6 10 10 1310 84 280 260 -1 -1
7 3 11 749 268 158 144 -1 -1
7 1 11 603 366 538 202 -1 -1
7 4 11 1388 264 591 222 -1 -1
8 13 4 694 225 233 112 -1 -1
6 4 11 184 464 385 353 -1 -1
6 5 11 701 168 106 92 -1 -1
6 6 11 731 216 154 149 -1 -1
6 7 11 636 227 115 94 -1 -1
6 12 11 686 302 172 166 -1 -1
6 8 11 545 280 153 125 -1 -1
6 9 11 629 380 243 253 -1 -1
6 10 11 1306 86 269 250 -1 -1
7 3 12 749 267 158 145 -1 -1
7 1 12 535 368 534 205 -1 -1
7 4 12 1319 267 598 222 -1 -1
8 13 5 708 226 232 112 -1 -1
9 14 2 647 274 90 82 -1 -1
9 15 2 507 289 97 79 -1 -1
9 16 2 486 356 178 166 -1 -1
6 4 12 158 481 403 370 -1 -1
6 5 12 699 168 107 94 -1 -1
6 6 12 732 218 153 150 -1 -1
6 7 12 634 228 116 94 -1 -1
6 12 12 682 305 175 168 -1 -1
6 8 12 541 283 154 127 -1 -1
6 9 12 622 391 248 256 -1 -1
6 10 12 1303 87 254 238 -1 -1
7 3 13 748 267 158 145 -1 -1
7 1 13 463 375 531 202 -1 -1
7 4 13 1245 268 604 224 -1 -1
8 13 6 722 228 229 112 -1 -1
9 14 3 645 275 91 86 -1 -1
9 15 3 502 293 100 80 -1 -1
9 16 3 482 364 184 172 -1 -1
6 4 13 128 498 421 389 -1 -1
6 5 13 696 171 109 90 -1 -1
6 6 13 730 219 154 150 -1 -1
6 7 13 632 229 118 95 -1 -1
6 12 13 680 308 176 172 -1 -1
6 8 13 535 284 160 133 -1 -1
6 9 13 615 397 253 265 -1 -1
6 10 13 1300 86 242 229 -1 -1
7 3 14 748 267 158 145 -1 -1
7 1 14 392 379 528 202 -1 -1
7 4 14 1172 268 612 229 -1 -1
8 17 7 -199 766 1611 369 -1 -1
8 13 7 733 228 229 113 -1 -1
9 14 4 645 275 92 91 -1 -1
9 15 4 499 297 102 82 -1 -1
9 16 4 476 371 191 179 -1 -1
6 4 14 95 516 443 412 -1 -1
6 5 14 695 172 109 91 -1 -1
6 6 14 729 221 154 151 -1 -1
6 7 14 630 231 119 94 -1 -1
6 12 14 674 311 181 175 -1 -1
6 8 14 531 288 162 133 -1 -1
6 9 14 606 406 260 272 -1 -1
6 10 14 1296 85 233 223 -1 -1
7 3 15 748 267 158 145 -1 -1
7 1 15 318 381 528 205 -1 -1
7 4 15 1097 270 616 229 -1 -1
8 17 8 -17 776 1635 357 -1 -1
8 13 8 746 227 225 116 -1 -1
9 14 5 644 281 95 91 -1 -1
9 15 5 494 300 104 85 -1 -1
9 16 5 468 375 200 196 -1 -1
6 4 15 61 536 463 437 -1 -1
6 5 15 693 173 110 91 -1 -1
6 6 15 728 222 153 154 -1 -1
6 7 15 628 232 120 95 -1 -1
6 12 15 672 316 183 178 -1 -1
6 8 15 525 292 163 135 -1 -1
6 9 15 597 416 268 280 -1 -1
6 10 15 1292 83 224 218 -1 -1
7 3 16 748 267 158 145 -1 -1
7 1 16 248 388 517 202 -1 -1
7 4 16 1021 273 618 231 -1 -1
8 13 9 758 228 222 117 -1 -1
9 14 6 643 283 98 95 -1 -1
9 15 6 489 305 107 85 -1 -1
9 16 6 462 388 208 198 -1 -1
6 4 16 22 559 491 464 -1 -1
6 5 16 690 174 112 91 -1 -1
6 6 16 726 221 155 157 -1 -1
6 7 16 625 233 121 96 -1 -1
6 12 16 666 319 187 181 -1 -1
6 8 16 520 295 165 137 -1 -1
6 9 16 588 424 274 290 -1 -1
6 10 16 1288 82 218 212 -1 -1
7 3 17 748 267 158 145 -1 -1
7 1 17 176 394 516 199 -1 -1
7 4 17 943 274 621 233 -1 -1
8 13 10 768 228 223 119 -1 -1
9 14 7 644 288 101 96 -1 -1
9 15 7 485 309 109 89 -1 -1
9 16 7 454 396 217 209 -1 -1
6 4 17 -18 585 517 493 -1 -1
6 5 17 688 174 112 94 -1 -1
6 6 17 722 225 157 156 -1 -1
6 7 17 623 235 121 96 -1 -1
6 12 17 663 324 187 183 -1 -1
6 8 17 515 299 166 138 -1 -1
6 9 17 579 436 281 298 -1 -1
6 10 17 1287 82 208 205 -1 -1
6 11 17 849 154 83 74 -1 -1
7 3 18 748 267 158 145 -1 -1
7 1 18 105 398 507 200 -1 -1
7 4 18 864 277 624 235 -1 -1
8 13 11 779 228 220 120 -1 -1
9 14 8 643 291 106 98 -1 -1
9 15 8 481 312 113 92 -1 -1
9 16 8 443 406 229 221 -1 -1
6 4 18 -66 611 551 530 -1 -1
6 5 18 685 175 115 94 -1 -1
6 6 18 721 226 157 161 -1 -1
6 7 18 620 236 124 97 -1 -1
6 12 18 660 328 189 186 -1 -1
6 8 18 508 304 170 139 -1 -1
6 9 18 568 448 289 305 -1 -1
6 10 18 1283 82 199 199 -1 -1
6 11 18 846 156 85 76 -1 -1
7 3 19 749 268 158 144 -1 -1
7 1 19 34 403 501 201 -1 -1
7 4 19 783 280 625 237 -1 -1
8 13 12 791 230 216 121 -1 -1
9 14 9 645 294 106 101 -1 -1
9 15 9 476 315 115 95 -1 -1
9 16 9 433 418 239 233 -1 -1
9 2 9 1677 320 247 148 -1 -1
6 5 19 685 173 112 97 -1 -1
6 6 19 719 228 158 162 -1 -1
6 7 19 618 238 124 97 -1 -1
6 12 19 655 334 191 189 -1 -1
6 8 19 503 308 173 141 -1 -1
6 9 19 558 459 296 317 -1 -1
6 10 19 1279 81 194 193 -1 -1
6 11 19 842 158 88 76 -1 -1
7 1 20 -35 407 493 202 -1 -1
7 4 20 702 286 624 235 -1 -1
8 13 13 802 231 215 121 -1 -1
9 14 10 646 298 106 104 -1 -1
9 15 10 470 320 121 97 -1 -1
9 16 10 418 426 253 253 -1 -1
9 2 10 1654 316 237 142 -1 -1
6 5 20 681 173 115 98 -1 -1
6 6 20 716 230 160 163 -1 -1
6 7 20 615 239 125 98 -1 -1
6 12 20 650 338 194 193 -1 -1
6 8 20 496 311 178 146 -1 -1
6 9 20 546 472 307 334 -1 -1
6 10 20 1279 80 184 190 -1 -1
6 11 20 841 159 87 77 -1 -1
7 4 21 619 288 622 238 -1 -1
7 9 21 1428 309 544 222 -1 -1
8 13 14 813 232 211 122 -1 -1
8 4 14 -169 615 1057 480 -1 -1
9 14 11 646 301 109 109 -1 -1
9 15 11 466 324 124 101 -1 -1
9 16 11 403 444 266 265 -1 -1
9 2 11 1629 311 229 138 -1 -1
6 5 21 679 175 114 99 -1 -1
6 6 21 714 235 161 160 -1 -1
6 7 21 611 241 127 100 -1 -1
6 12 21 643 343 202 197 -1 -1
6 8 21 490 316 178 148 -1 -1
6 9 21 532 486 319 346 -1 -1
6 10 21 1276 81 179 183 -1 -1
6 11 21 839 160 87 78 -1 -1
7 4 22 536 294 621 234 -1 -1
7 9 22 1359 310 553 222 -1 -1
8 13 15 823 233 209 125 -1 -1
8 4 15 -53 621 1077 480 -1 -1
9 14 12 645 306 113 111 -1 -1
9 15 12 460 330 127 102 -1 -1
9 16 12 383 459 284 284 -1 -1
9 2 12 1604 307 225 134 -1 -1
6 5 22 677 176 115 99 -1 -1
6 6 22 712 237 162 161 -1 -1
6 7 22 609 243 126 100 -1 -1
6 12 22 637 350 205 199 -1 -1
6 8 22 482 320 182 151 -1 -1
6 9 22 521 500 326 362 -1 -1
6 10 22 1274 79 173 181 -1 -1
6 11 22 837 162 87 79 -1 -1
7 4 23 452 298 619 236 -1 -1
7 9 23 1288 312 559 225 -1 -1
8 13 16 831 232 209 127 -1 -1
8 4 16 66 626 1098 481 -1 -1
8 16 16 1464 373 515 190 -1 -1
9 14 13 647 310 112 115 -1 -1
9 15 13 454 335 129 106 -1 -1
9 16 13 359 476 304 308 -1 -1
9 2 13 1580 304 216 129 -1 -1
6 5 23 675 178 115 99 -1 -1
6 6 23 708 239 164 164 -1 -1
6 7 23 606 244 128 101 -1 -1
6 12 23 633 356 207 203 -1 -1
6 8 23 475 324 187 155 -1 -1
6 9 23 506 515 340 377 -1 -1
6 10 23 1271 78 169 176 -1 -1
6 11 23 834 163 89 80 -1 -1
7 4 24 370 288 616 253 -1 -1
7 9 24 1216 312 565 228 -1 -1
8 13 17 839 233 207 128 -1 -1
8 4 17 200 629 1107 484 -1 -1
8 16 17 1331 367 531 196 -1 -1
9 14 14 641 316 119 118 -1 -1
9 15 14 443 341 137 109 -1 -1
9 16 14 332 496 323 332 -1 -1
9 2 14 1558 299 207 125 -1 -1
6 5 24 673 179 116 99 -1 -1
6 6 24 707 244 165 163 -1 -1
6 7 24 604 246 127 102 -1 -1
6 12 24 626 361 212 211 -1 -1
6 8 24 468 329 189 158 -1 -1
6 9 24 491 533 353 398 -1 -1
6 10 24 1270 77 161 173 -1 -1
6 11 24 830 164 92 82 -1 -1
7 3 25 749 266 159 145 -1 -1
7 4 25 284 308 616 237 -1 -1
7 9 25 1143 313 568 232 -1 -1
8 13 18 850 234 201 130 -1 -1
8 4 18 341 635 1107 481 -1 -1
8 16 18 1200 361 537 199 -1 -1
9 14 15 636 320 128 124 -1 -1
9 15 15 436 346 138 113 -1 -1
9 16 15 297 517 352 364 -1 -1
9 2 15 1535 297 202 121 -1 -1
6 5 25 671 180 118 100 -1 -1
6 6 25 705 245 166 169 -1 -1
6 7 25 601 248 128 103 -1 -1
6 12 25 621 368 215 215 -1 -1
6 8 25 462 335 191 160 -1 -1
6 9 25 474 551 368 422 -1 -1
6 10 25 1269 76 157 170 -1 -1
6 11 25 828 167 94 82 -1 -1
7 3 26 749 266 159 148 -1 -1
7 4 26 202 313 607 237 -1 -1
7 9 26 1071 314 568 234 -1 -1
8 13 19 856 236 200 130 -1 -1
8 4 19 488 636 1104 484 -1 -1
8 16 19 1063 355 546 203 -1 -1
9 14 16 631 324 134 130 -1 -1
9 15 16 424 354 145 115 -1 -1
9 16 16 257 544 383 400 -1 -1
9 2 16 1511 293 198 119 -1 -1
9 1 16 1655 392 274 150 -1 -1
6 5 26 669 181 118 101 -1 -1
6 6 26 701 245 169 175 -1 -1
6 7 26 598 249 130 106 -1 -1
6 12 26 615 374 221 223 -1 -1
6 8 26 452 341 197 163 -1 -1
6 9 26 456 571 385 446 -1 -1
6 10 26 1268 75 151 167 -1 -1
6 11 26 827 169 91 82 -1 -1
7 3 27 749 267 159 147 -1 -1
7 4 27 122 317 598 238 -1 -1
7 9 27 993 316 571 235 -1 -1
8 13 20 865 236 195 131 -1 -1
8 4 20 635 645 1099 475 -1 -1
8 16 20 925 352 549 202 -1 -1
9 14 17 628 329 138 134 -1 -1
9 15 17 412 360 152 121 -1 -1
9 16 17 208 572 422 445 -1 -1
9 2 17 1490 289 189 116 -1 -1
9 18 17 518 288 85 79 -1 -1
9 1 17 1631 386 264 147 -1 -1
6 5 27 667 181 119 103 -1 -1
6 6 27 699 248 170 178 -1 -1
6 7 27 595 251 131 107 -1 -1
6 12 27 608 382 226 227 -1 -1
6 8 27 444 347 202 166 -1 -1
6 9 27 437 593 401 473 -1 -1
6 10 27 1267 75 146 163 -1 -1
6 11 27 826 170 91 83 -1 -1
7 3 28 749 267 156 145 -1 -1
7 4 28 41 323 589 235 -1 -1
7 9 28 914 318 573 238 -1 -1
8 13 21 871 237 193 134 -1 -1
8 4 21 785 649 1095 471 -1 -1
8 16 21 788 351 549 201 -1 -1
9 14 18 624 336 143 139 -1 -1
9 15 18 401 367 157 125 -1 -1
9 16 18 150 605 470 499 -1 -1
9 2 18 1469 287 184 112 -1 -1
9 18 18 515 295 85 76 -1 -1
9 1 18 1607 381 256 142 -1 -1
6 5 28 664 184 120 100 -1 -1
6 6 28 696 253 173 177 -1 -1
6 7 28 590 254 134 108 -1 -1
6 12 28 601 389 230 235 -1 -1
6 8 28 434 353 205 169 -1 -1
6 9 28 413 617 425 506 -1 -1
6 10 28 1265 76 143 158 -1 -1
6 11 28 822 171 95 86 -1 -1
7 3 29 750 266 155 148 -1 -1
7 4 29 -38 329 583 234 -1 -1
7 9 29 834 322 576 238 -1 -1
8 13 22 878 239 190 133 -1 -1
8 4 22 942 655 1077 463 -1 -1
8 16 22 650 343 544 205 -1 -1
9 14 19 618 341 151 143 -1 -1
9 15 19 388 376 164 130 -1 -1
9 2 19 1450 283 178 109 -1 -1
9 18 19 512 294 86 83 -1 -1
9 1 19 1586 374 246 138 -1 -1
6 5 29 660 183 122 104 -1 -1
6 6 29 692 255 176 181 -1 -1
6 7 29 586 256 136 110 -1 -1
6 12 29 595 398 234 242 -1 -1
6 8 29 425 360 209 173 -1 -1
6 10 29 1264 75 139 155 -1 -1
6 11 29 821 173 94 87 -1 -1
7 3 30 748 267 158 145 -1 -1
7 9 30 754 325 576 238 -1 -1
8 13 23 882 240 188 133 -1 -1
8 16 23 512 339 543 207 -1 -1
9 14 20 615 347 155 151 -1 -1
9 15 20 375 381 172 137 -1 -1
9 2 20 1432 279 172 107 -1 -1
9 18 20 509 298 89 84 -1 -1
9 1 20 1565 370 240 133 -1 -1
9 20 20 536 262 81 77 -1 -1
6 5 30 657 184 124 105 -1 -1
6 6 30 688 259 179 184 -1 -1
6 7 30 583 259 136 111 -1 -1
6 12 30 585 408 242 247 -1 -1
6 8 30 414 365 215 179 -1 -1
6 10 30 1263 75 134 154 -1 -1
6 11 30 816 177 97 85 -1 -1
7 3 31 749 267 156 145 -1 -1
7 9 31 674 328 573 240 -1 -1
8 13 24 889 241 183 136 -1 -1
8 16 24 375 336 543 205 -1 -1
9 14 21 610 354 164 158 -1 -1
9 15 21 362 392 179 141 -1 -1
9 2 21 1415 276 168 104 -1 -1
9 18 21 506 304 91 82 -1 -1
9 1 21 1546 364 234 130 -1 -1
9 19 21 637 243 86 74 -1 -1
9 20 21 534 264 83 79 -1 -1
6 5 31 655 187 123 103 -1 -1
6 6 31 686 262 181 187 -1 -1
6 7 31 579 262 137 112 -1 -1
6 12 31 580 416 244 257 -1 -1
6 8 31 397 374 227 183 -1 -1
6 10 31 1261 74 131 151 -1 -1
6 11 31 815 179 96 88 -1 -1
7 3 32 750 267 155 145 -1 -1
7 9 32 591 331 574 240 -1 -1
8 13 25 895 242 180 137 -1 -1
8 16 25 244 336 535 201 -1 -1
9 14 22 606 361 172 166 -1 -1
9 15 22 348 400 187 148 -1 -1
9 2 22 1400 273 162 103 -1 -1
9 18 22 502 304 95 89 -1 -1
9 1 22 1530 360 225 126 -1 -1
9 19 22 640 245 85 76 -1 -1
9 20 22 534 266 84 79 -1 -1
6 5 32 652 188 124 104 -1 -1
6 6 32 684 266 184 190 -1 -1
6 7 32 574 264 140 113 -1 -1
6 12 32 570 426 253 266 -1 -1
6 8 32 393 381 223 188 -1 -1
6 10 32 1260 74 128 148 -1 -1
6 11 32 813 180 97 89 -1 -1
7 3 33 749 268 158 141 -1 -1
7 9 33 510 336 571 240 -1 -1
8 13 26 898 242 177 138 -1 -1
8 16 26 120 333 525 201 -1 -1
9 14 23 602 370 178 172 -1 -1
9 15 23 334 408 194 155 -1 -1
9 2 23 1385 271 157 100 -1 -1
9 18 23 500 308 96 90 -1 -1
9 1 23 1511 354 220 124 -1 -1
9 19 23 642 246 86 79 -1 -1
9 20 23 533 268 86 83 -1 -1
6 5 33 649 189 124 107 -1 -1
6 6 33 681 270 186 193 -1 -1
6 7 33 570 267 141 115 -1 -1
6 12 33 561 437 260 275 -1 -1
6 8 33 379 389 233 192 -1 -1
6 10 33 1259 74 125 145 -1 -1
6 11 33 810 180 98 92 -1 -1
7 3 34 749 268 159 141 -1 -1
7 9 34 429 341 570 240 -1 -1
8 13 27 903 243 174 140 -1 -1
8 16 27 -4 333 520 196 -1 -1
9 14 24 597 378 184 181 -1 -1
9 15 24 317 420 203 161 -1 -1
9 2 24 1370 269 153 96 -1 -1
9 18 24 495 312 101 91 -1 -1
9 1 24 1495 349 211 120 -1 -1
9 19 24 642 249 89 79 -1 -1
9 20 24 531 269 89 85 -1 -1
6 5 34 646 189 125 109 -1 -1
6 6 34 677 273 188 199 -1 -1
6 7 34 565 270 143 118 -1 -1
6 12 34 552 450 268 284 -1 -1
6 8 34 368 397 237 199 -1 -1
6 10 34 1258 74 125 143 -1 -1
6 11 34 808 183 100 93 -1 -1
7 3 35 749 268 159 143 -1 -1
7 9 35 345 346 567 238 -1 -1
8 13 28 905 244 172 141 -1 -1
9 14 25 589 386 193 190 -1 -1
9 15 25 295 431 217 170 -1 -1
9 2 25 1355 266 149 94 -1 -1
9 18 25 491 316 103 94 -1 -1
9 1 25 1477 345 207 117 -1 -1
9 19 25 643 252 91 79 -1 -1
9 20 25 530 273 90 85 -1 -1
6 5 35 642 191 128 109 -1 -1
6 6 35 673 279 193 201 -1 -1
6 7 35 561 272 144 121 -1 -1
6 12 35 541 459 278 299 -1 -1
6 8 35 354 406 242 203 -1 -1
6 10 35 1257 74 120 140 -1 -1
6 11 35 806 184 100 95 -1 -1
7 3 36 749 268 159 144 -1 -1
7 9 36 263 349 562 240 -1 -1
8 13 29 908 245 170 142 -1 -1
9 14 26 581 398 202 197 -1 -1
9 15 26 271 442 232 179 -1 -1
9 2 26 1341 264 145 91 -1 -1
9 18 26 487 319 107 96 -1 -1
9 1 26 1461 342 199 112 -1 -1
9 19 26 643 254 91 82 -1 -1
9 20 26 528 275 92 86 -1 -1
6 5 36 640 193 129 109 -1 -1
6 6 36 670 282 195 208 -1 -1
6 7 36 556 276 145 121 -1 -1
6 12 36 531 474 286 308 -1 -1
6 8 36 340 417 250 208 -1 -1
6 10 36 1256 72 119 140 -1 -1
6 11 36 803 189 101 94 -1 -1
7 3 37 749 268 160 144 -1 -1
7 9 37 180 355 559 241 -1 -1
7 12 37 1473 315 498 208 -1 -1
8 13 30 910 246 169 143 -1 -1
9 14 27 570 407 211 212 -1 -1
9 15 27 247 455 244 193 -1 -1
9 2 27 1326 261 141 89 -1 -1
9 18 27 481 323 109 98 -1 -1
9 1 27 1453 337 183 110 -1 -1
9 19 27 642 256 94 85 -1 -1
9 20 27 525 277 94 89 -1 -1
6 5 37 636 194 130 110 -1 -1
6 6 37 666 285 199 212 -1 -1
6 7 37 551 280 148 122 -1 -1
6 12 37 520 490 295 320 -1 -1
6 8 37 326 425 257 215 -1 -1
6 10 37 1255 71 116 139 -1 -1
6 11 37 801 192 103 93 -1 -1
7 3 38 749 268 160 144 -1 -1
7 9 38 102 362 549 238 -1 -1
7 12 38 1402 315 504 213 -1 -1
8 13 31 913 246 166 145 -1 -1
8 12 31 -72 643 1006 471 -1 -1
9 14 28 559 418 221 226 -1 -1
9 15 28 218 469 257 205 -1 -1
9 2 28 1312 259 136 88 -1 -1
9 18 28 475 326 111 103 -1 -1
9 1 28 1435 334 179 106 -1 -1
9 19 28 641 259 97 86 -1 -1
9 20 28 522 281 96 91 -1 -1
6 5 38 634 195 130 113 -1 -1
6 6 38 662 291 203 217 -1 -1
6 7 38 544 284 152 124 -1 -1
6 12 38 507 505 307 335 -1 -1
6 8 38 311 437 262 221 -1 -1
6 10 38 1256 71 112 137 -1 -1
6 11 38 799 194 103 95 -1 -1
6 16 38 1692 354 260 169 -1 -1
7 3 39 749 268 160 144 -1 -1
7 9 39 21 367 543 238 -1 -1
7 12 39 1329 317 511 213 -1 -1
8 13 32 915 247 163 146 -1 -1
8 12 32 52 652 1033 466 -1 -1
9 14 29 545 430 233 241 -1 -1
9 15 29 185 486 275 215 -1 -1
9 2 29 1296 257 134 86 -1 -1
9 18 29 465 332 119 105 -1 -1
9 1 29 1416 331 176 102 -1 -1
9 19 29 641 262 99 88 -1 -1
9 20 29 517 285 98 93 -1 -1
9 4 29 1672 315 288 168 -1 -1
6 5 39 631 198 131 112 -1 -1
6 6 39 659 297 206 221 -1 -1
6 7 39 538 287 155 128 -1 -1
6 12 39 495 522 316 353 -1 -1
6 8 39 293 448 272 229 -1 -1
6 10 39 1255 70 109 136 -1 -1
6 11 39 796 195 107 98 -1 -1
6 16 39 1664 339 246 162 -1 -1
7 3 40 749 268 160 144 -1 -1
7 9 40 -55 374 532 234 -1 -1
7 12 40 1256 318 513 214 -1 -1
8 13 33 915 248 163 148 -1 -1
8 12 33 198 655 1038 468 -1 -1
9 14 30 529 444 247 257 -1 -1
9 15 30 145 500 298 233 -1 -1
9 2 30 1281 255 133 84 -1 -1
9 18 30 460 336 118 107 -1 -1
9 1 30 1394 327 176 98 -1 -1
9 19 30 639 265 103 91 -1 -1
9 20 30 513 287 100 95 -1 -1
9 4 30 1647 310 280 163 -1 -1
6 5 40 627 198 133 115 -1 -1
6 6 40 655 303 209 226 -1 -1
6 7 40 533 292 156 129 -1 -1
6 12 40 478 541 332 371 -1 -1
6 8 40 276 460 281 236 -1 -1
6 10 40 1252 71 110 132 -1 -1
6 11 40 793 198 108 100 -1 -1
6 16 40 1638 326 234 156 -1 -1
7 3 41 749 267 159 145 -1 -1
7 12 41 1176 320 522 216 -1 -1
8 13 34 915 249 163 149 -1 -1
8 12 34 347 661 1044 465 -1 -1
9 14 31 510 458 263 277 -1 -1
9 15 31 105 523 317 248 -1 -1
9 2 31 1270 254 127 81 -1 -1
9 18 31 448 341 127 112 -1 -1
9 1 31 1378 323 173 98 -1 -1
9 19 31 638 267 107 94 -1 -1
9 20 31 507 291 106 96 -1 -1
9 4 31 1622 307 270 156 -1 -1
6 5 41 624 200 133 115 -1 -1
6 6 41 650 308 215 233 -1 -1
6 7 41 527 295 158 131 -1 -1
6 12 41 461 560 349 395 -1 -1
6 8 41 257 472 289 248 -1 -1
6 10 41 1253 71 106 131 -1 -1
6 11 41 791 201 108 100 -1 -1
6 16 41 1616 314 220 150 -1 -1
7 3 42 749 268 159 144 -1 -1
7 12 42 1096 319 526 223 -1 -1
8 13 35 913 249 166 151 -1 -1
8 12 35 499 664 1051 466 -1 -1
8 14 35 1371 364 424 151 -1 -1
9 14 32 491 476 280 296 -1 -1
9 15 32 57 543 343 269 -1 -1
9 2 32 1255 252 125 79 -1 -1
9 18 32 440 346 130 114 -1 -1
9 1 32 1364 320 168 97 -1 -1
9 19 32 638 269 106 97 -1 -1
9 20 32 504 297 106 94 -1 -1
9 4 32 1600 303 262 151 -1 -1
6 5 42 621 202 133 118 -1 -1
6 6 42 646 313 220 242 -1 -1
6 7 42 522 301 159 133 -1 -1
6 12 42 444 576 362 425 -1 -1
6 8 42 235 487 301 256 -1 -1
6 10 42 1252 70 104 130 -1 -1
6 11 42 789 202 108 103 -1 -1
6 16 42 1593 304 211 139 -1 -1
7 3 43 748 268 159 144 -1 -1
7 12 43 1016 317 528 229 -1 -1
7 8 43 1501 304 450 166 -1 -1
8 13 36 912 250 166 152 -1 -1
8 12 36 662 670 1041 460 -1 -1
8 23 36 1369 385 553 196 -1 -1
9 14 33 469 492 298 324 -1 -1
9 15 33 4 566 374 293 -1 -1
9 2 33 1244 250 124 77 -1 -1
9 18 33 432 352 134 116 -1 -1
9 1 33 1350 315 166 97 -1 -1
9 19 33 636 272 115 100 -1 -1
9 20 33 499 299 110 100 -1 -1
9 4 33 1577 298 252 150 -1 -1
6 5 43 617 205 134 117 -1 -1
6 6 43 641 320 224 247 -1 -1
6 7 43 513 305 164 137 -1 -1
6 12 43 424 606 382 446 -1 -1
6 8 43 204 502 323 266 -1 -1
6 10 43 1251 71 103 127 -1 -1
6 11 43 786 205 112 104 -1 -1
6 16 43 1571 291 202 139 -1 -1
7 3 44 748 267 159 145 -1 -1
7 12 44 933 325 531 225 -1 -1
7 8 44 1437 305 454 168 -1 -1
8 13 37 909 250 169 155 -1 -1
8 12 37 827 676 1026 453 -1 -1
8 23 37 1233 381 562 196 -1 -1
9 14 34 445 513 319 354 -1 -1
9 15 34 -55 594 409 320 -1 -1
9 2 34 1236 247 118 77 -1 -1
9 18 34 426 357 138 121 -1 -1
9 1 34 1339 312 159 94 -1 -1
9 19 34 637 275 115 103 -1 -1
9 20 34 497 301 112 104 -1 -1
9 4 34 1558 295 243 144 -1 -1
6 5 44 613 206 136 119 -1 -1
6 6 44 636 327 230 256 -1 -1
6 7 44 507 310 166 139 -1 -1
6 12 44 403 632 398 476 -1 -1
6 8 44 192 515 322 281 -1 -1
6 10 44 1251 71 100 125 -1 -1
6 11 44 782 208 115 106 -1 -1
6 16 44 1551 281 193 133 -1 -1
7 3 45 748 267 159 145 -1 -1
7 12 45 849 324 532 230 -1 -1
7 8 45 1372 308 459 166 -1 -1
8 13 38 908 250 170 156 -1 -1
8 12 38 993 677 1011 451 -1 -1
8 23 38 1096 377 567 198 -1 -1
9 14 35 417 535 343 390 -1 -1
9 2 35 1225 245 115 76 -1 -1
9 18 35 420 364 138 124 -1 -1
9 1 35 1328 308 154 91 -1 -1
9 19 35 638 276 118 107 -1 -1
9 20 35 493 306 116 103 -1 -1
9 4 35 1538 291 238 139 -1 -1
6 5 45 610 208 136 121 -1 -1
6 6 45 631 333 236 265 -1 -1
6 7 45 498 316 170 142 -1 -1
6 8 45 168 532 332 293 -1 -1
6 10 45 1250 71 98 124 -1 -1
6 11 45 780 211 115 107 -1 -1
6 16 45 1535 271 184 130 -1 -1
7 3 46 748 267 159 145 -1 -1
7 12 46 764 329 532 231 -1 -1
7 8 46 1306 308 465 169 -1 -1
8 13 39 907 251 170 156 -1 -1
8 23 39 958 369 573 202 -1 -1
9 14 36 381 564 376 431 -1 -1
9 2 36 1214 243 115 74 -1 -1
9 18 36 409 369 146 128 -1 -1
9 1 36 1316 304 151 89 -1 -1
9 19 36 639 281 122 108 -1 -1
9 20 36 490 308 119 109 -1 -1
9 4 36 1519 288 231 136 -1 -1
9 21 36 533 255 83 76 -1 -1
9 9 36 1653 364 288 175 -1 -1
6 5 46 606 211 137 121 -1 -1
6 6 46 625 342 242 270 -1 -1
6 7 46 491 321 173 145 -1 -1
6 8 46 139 552 350 307 -1 -1
6 10 46 1249 71 98 122 -1 -1
6 11 46 777 214 119 109 -1 -1
6 16 46 1518 263 175 124 -1 -1
7 3 47 748 267 159 145 -1 -1
7 12 47 678 331 534 232 -1 -1
7 8 47 1240 312 466 168 -1 -1
8 13 40 908 253 170 154 -1 -1
8 23 40 818 366 573 201 -1 -1
9 14 37 342 593 409 484 -1 -1
9 2 37 1207 242 111 72 -1 -1
9 18 37 401 376 150 133 -1 -1
9 1 37 1306 300 148 89 -1 -1
9 19 37 638 286 125 109 -1 -1
9 20 37 486 312 124 112 -1 -1
9 4 37 1501 285 225 132 -1 -1
9 21 37 533 256 85 79 -1 -1
9 9 37 1631 355 279 174 -1 -1
6 5 47 602 213 139 122 -1 -1
6 6 47 618 350 251 281 -1 -1
6 7 47 483 326 178 149 -1 -1
6 8 47 112 571 364 323 -1 -1
6 10 47 1248 70 97 121 -1 -1
6 11 47 776 217 117 110 -1 -1
6 16 47 1502 254 169 121 -1 -1
7 3 48 749 267 159 145 -1 -1
7 12 48 591 343 534 226 -1 -1
7 8 48 1169 311 472 173 -1 -1
8 13 41 903 252 178 160 -1 -1
8 23 41 679 362 572 201 -1 -1
9 2 38 1197 240 107 70 -1 -1
9 18 38 386 382 160 139 -1 -1
9 1 38 1295 298 146 85 -1 -1
9 19 38 637 289 131 113 -1 -1
9 20 38 481 315 127 118 -1 -1
9 4 38 1483 282 216 127 -1 -1
9 21 38 531 259 91 79 -1 -1
9 9 38 1608 348 270 169 -1 -1
6 5 48 597 216 142 124 -1 -1
6 6 48 612 359 257 292 -1 -1
6 7 48 474 332 181 152 -1 -1
6 8 48 80 592 382 341 -1 -1
6 10 48 1248 69 94 121 -1 -1
6 11 48 773 219 118 113 -1 -1
6 16 48 1487 246 162 118 -1 -1
7 3 49 749 268 159 142 -1 -1
7 12 49 503 345 534 228 -1 -1
7 8 49 1101 313 472 174 -1 -1
8 13 42 904 252 177 161 -1 -1
8 23 42 544 362 567 195 -1 -1
9 2 39 1187 238 107 68 -1 -1
9 18 39 374 389 164 145 -1 -1
9 1 39 1286 295 138 83 -1 -1
9 19 39 636 293 132 115 -1 -1
9 20 39 476 319 130 120 -1 -1
9 4 39 1467 278 208 125 -1 -1
9 21 39 530 261 88 82 -1 -1
9 9 39 1588 344 261 163 -1 -1
6 5 49 592 217 145 127 -1 -1
6 6 49 604 367 265 304 -1 -1
6 7 49 466 339 185 157 -1 -1
6 8 49 46 617 401 362 -1 -1
6 10 49 1247 70 94 118 -1 -1
6 11 49 769 223 122 116 -1 -1
6 16 49 1473 238 157 114 -1 -1
7 3 50 749 267 160 145 -1 -1
7 12 50 417 350 529 229 -1 -1
7 8 50 1028 316 475 174 -1 -1
8 13 43 905 252 174 162 -1 -1
8 23 43 410 357 564 198 -1 -1
9 2 40 1178 235 103 70 -1 -1
9 18 40 360 399 170 148 -1 -1
9 1 40 1274 293 136 82 -1 -1
9 19 40 635 296 136 119 -1 -1
9 20 40 469 323 133 125 -1 -1
9 4 40 1450 276 201 121 -1 -1
9 21 40 526 264 91 84 -1 -1
9 9 40 1565 340 252 156 -1 -1
6 5 50 587 219 146 128 -1 -1
6 6 50 597 377 272 314 -1 -1
6 7 50 457 347 187 159 -1 -1
6 8 50 7 644 422 382 -1 -1
6 10 50 1246 70 94 116 -1 -1
6 11 50 767 227 123 118 -1 -1
6 16 50 1459 233 153 109 -1 -1
7 3 51 750 267 157 145 -1 -1
7 12 51 333 355 522 228 -1 -1
7 8 51 956 321 477 172 -1 -1
8 13 44 905 252 173 163 -1 -1
8 23 44 281 352 558 199 -1 -1
9 2 41 1168 234 100 67 -1 -1
9 18 41 344 405 179 155 -1 -1
9 1 41 1261 290 134 80 -1 -1
9 19 41 631 301 142 124 -1 -1
9 20 41 461 328 137 128 -1 -1
9 4 41 1429 274 199 118 -1 -1
9 21 41 523 266 95 86 -1 -1
9 9 41 1543 333 243 157 -1 -1
6 5 51 583 221 148 131 -1 -1
6 6 51 589 388 281 328 -1 -1
6 7 51 446 353 194 164 -1 -1
6 8 51 -34 669 445 410 -1 -1
6 10 51 1246 71 92 114 -1 -1
6 11 51 764 230 125 120 -1 -1
6 16 51 1447 225 145 107 -1 -1
7 3 52 749 267 158 145 -1 -1
7 12 52 246 361 517 228 -1 -1
7 8 52 883 323 477 173 -1 -1
8 13 45 905 252 172 166 -1 -1
8 23 45 153 352 547 193 -1 -1
9 2 42 1157 232 100 67 -1 -1
9 18 42 327 414 185 161 -1 -1
9 1 42 1250 287 130 79 -1 -1
9 19 42 626 306 148 127 -1 -1
9 20 42 453 332 142 134 -1 -1
9 4 42 1414 270 189 116 -1 -1
9 21 42 519 270 96 88 -1 -1
9 9 42 1522 330 234 151 -1 -1
6 5 52 579 224 149 132 -1 -1
6 6 52 579 399 293 343 -1 -1
6 7 52 437 363 198 166 -1 -1
6 10 52 1245 72 91 112 -1 -1
6 11 52 761 234 127 122 -1 -1
6 16 52 1437 221 139 103 -1 -1
6 22 52 773 145 88 71 -1 -1
7 3 53 749 267 159 144 -1 -1
7 12 53 159 368 514 226 -1 -1
7 8 53 810 325 477 175 -1 -1
8 13 46 903 252 175 168 -1 -1
8 23 46 33 351 540 192 -1 -1
9 18 43 307 424 194 167 -1 -1
9 1 43 1240 286 126 76 -1 -1
9 19 43 625 310 147 131 -1 -1
9 20 43 443 336 148 139 -1 -1
9 4 43 1395 269 186 112 -1 -1
9 21 43 514 272 100 91 -1 -1
9 9 43 1501 327 231 147 -1 -1
9 24 43 643 230 85 73 -1 -1
6 5 53 575 226 150 136 -1 -1
6 6 53 571 410 301 359 -1 -1
6 7 53 424 371 205 172 -1 -1
6 10 53 1245 72 89 109 -1 -1
6 11 53 758 236 130 127 -1 -1
6 16 53 1427 215 135 101 -1 -1
6 22 53 768 134 89 86 -1 -1
7 3 54 749 267 159 144 -1 -1
7 12 54 77 374 502 225 -1 -1
7 8 54 734 329 478 176 -1 -1
8 13 47 902 251 176 169 -1 -1
8 14 47 91 328 350 134 -1 -1
9 18 44 286 434 205 176 -1 -1
9 1 44 1229 283 122 74 -1 -1
9 19 44 621 316 150 136 -1 -1
9 20 44 433 341 152 145 -1 -1
9 4 44 1378 266 180 109 -1 -1
9 21 44 508 276 103 93 -1 -1
9 9 44 1483 323 219 142 -1 -1
9 24 44 645 232 87 73 -1 -1
6 5 54 569 230 151 136 -1 -1
6 6 54 559 422 313 377 -1 -1
6 7 54 414 379 209 178 -1 -1
6 10 54 1244 71 89 110 -1 -1
6 11 54 754 242 134 129 -1 -1
6 16 54 1415 211 131 97 -1 -1
6 22 54 764 136 90 88 -1 -1
7 12 55 -5 378 496 226 -1 -1
7 8 55 658 334 477 174 -1 -1
8 13 48 901 252 177 168 -1 -1
8 14 48 3 327 327 135 -1 -1
9 18 45 267 446 211 182 -1 -1
9 1 45 1217 280 124 74 -1 -1
9 19 45 616 321 158 140 -1 -1
9 20 45 422 346 160 151 -1 -1
9 4 45 1362 263 175 107 -1 -1
9 21 45 505 277 103 98 -1 -1
9 9 45 1463 319 214 138 -1 -1
9 24 45 647 234 87 74 -1 -1
6 5 55 564 231 154 140 -1 -1
6 6 55 550 437 323 398 -1 -1
6 7 55 402 388 214 184 -1 -1
6 10 55 1244 71 88 109 -1 -1
6 11 55 748 247 140 130 -1 -1
6 16 55 1406 207 126 94 -1 -1
6 22 55 759 136 91 90 -1 -1
7 3 56 750 270 155 129 -1 -1
7 8 56 583 337 475 174 -1 -1
7 6 56 1369 292 635 249 -1 -1
8 13 49 899 255 178 166 -1 -1
9 18 46 242 457 224 190 -1 -1
9 1 46 1209 277 120 73 -1 -1
9 19 46 612 324 164 149 -1 -1
9 20 46 414 354 164 153 -1 -1
9 4 46 1348 261 169 105 -1 -1
9 21 46 501 281 107 100 -1 -1
9 9 46 1447 315 207 136 -1 -1
9 24 46 649 235 89 77 -1 -1
6 5 56 557 233 158 143 -1 -1
6 6 56 536 452 338 422 -1 -1
6 7 56 389 397 221 190 -1 -1
6 10 56 1244 71 88 107 -1 -1
6 11 56 746 250 141 134 -1 -1
6 16 56 1397 202 124 92 -1 -1
6 22 56 755 139 91 90 -1 -1
7 3 57 749 268 158 139 -1 -1
7 8 57 509 340 472 176 -1 -1
7 6 57 1285 291 646 253 -1 -1
8 13 50 898 254 178 169 -1 -1
9 18 47 219 468 235 202 -1 -1
9 1 47 1201 274 115 73 -1 -1
9 19 47 607 329 169 155 -1 -1
9 20 47 403 359 172 160 -1 -1
9 4 47 1336 258 163 103 -1 -1
9 21 47 497 285 110 103 -1 -1
9 9 47 1432 312 198 132 -1 -1
9 24 47 653 238 91 76 -1 -1
6 5 57 551 236 161 145 -1 -1
6 6 57 524 469 352 443 -1 -1
6 7 57 376 408 227 196 -1 -1
6 10 57 1242 72 88 107 -1 -1
6 11 57 742 254 142 137 -1 -1
6 16 57 1388 197 120 91 -1 -1
6 22 57 749 141 94 90 -1 -1
6 25 57 1676 365 257 171 -1 -1
7 3 58 747 267 161 145 -1 -1
7 8 58 432 344 471 178 -1 -1
7 6 58 1200 292 651 257 -1 -1
8 13 51 898 255 178 168 -1 -1
9 18 48 193 481 247 214 -1 -1
9 1 48 1193 274 113 69 -1 -1
9 19 48 604 337 176 159 -1 -1
9 20 48 394 365 178 166 -1 -1
9 4 48 1324 256 159 100 -1 -1
9 21 48 494 290 113 103 -1 -1
9 9 48 1417 312 192 124 -1 -1
9 24 48 658 238 93 79 -1 -1
6 5 58 546 240 162 148 -1 -1
6 6 58 509 487 368 470 -1 -1
6 7 58 360 418 235 203 -1 -1
6 10 58 1241 72 85 106 -1 -1
6 11 58 738 259 145 140 -1 -1
6 16 58 1381 192 116 89 -1 -1
6 22 58 742 143 97 92 -1 -1
6 25 58 1649 350 244 166 -1 -1
7 3 59 748 267 159 144 -1 -1
7 8 59 358 349 468 175 -1 -1
7 6 59 1109 293 663 262 -1 -1
8 13 52 897 255 179 169 -1 -1
9 18 49 164 494 260 227 -1 -1
9 1 49 1184 271 113 68 -1 -1
9 19 49 600 344 182 166 -1 -1
9 20 49 384 370 182 175 -1 -1
9 4 49 1310 254 155 98 -1 -1
9 21 49 490 292 119 109 -1 -1
9 9 49 1398 306 191 122 -1 -1
9 24 49 661 240 95 79 -1 -1
6 5 59 540 244 164 148 -1 -1
6 6 59 491 505 391 503 -1 -1
6 7 59 345 429 242 212 -1 -1
6 10 59 1241 71 84 106 -1 -1
6 11 59 735 264 148 145 -1 -1
6 16 59 1373 190 113 85 -1 -1
6 22 59 739 158 96 76 -1 -1
6 25 59 1626 336 230 159 -1 -1
7 3 60 748 267 159 144 -1 -1
7 8 60 284 352 465 178 -1 -1
7 6 60 1021 297 663 262 -1 -1
8 13 53 896 256 180 169 -1 -1
8 18 53 1562 366 395 157 -1 -1
9 18 50 132 512 277 236 -1 -1
9 1 50 1179 268 109 67 -1 -1
9 19 50 596 352 188 170 -1 -1
9 20 50 372 377 191 179 -1 -1
9 4 50 1300 253 148 94 -1 -1
9 21 50 486 296 122 111 -1 -1
9 9 50 1385 303 184 119 -1 -1
9 24 50 666 241 97 80 -1 -1
6 5 60 536 248 165 151 -1 -1
6 6 60 473 528 410 536 -1 -1
6 7 60 329 443 251 220 -1 -1
6 10 60 1242 72 82 105 -1 -1
6 11 60 729 270 152 147 -1 -1
6 16 60 1367 188 110 82 -1 -1
6 22 60 736 160 97 77 -1 -1
6 25 60 1603 324 220 152 -1 -1
7 3 61 747 268 161 145 -1 -1
7 8 61 210 355 459 179 -1 -1
7 6 61 930 298 667 266 -1 -1
8 13 54 895 256 181 170 -1 -1
8 18 54 1462 363 405 156 -1 -1
9 18 51 96 530 295 251 -1 -1
9 1 51 1171 265 107 67 -1 -1
9 19 51 590 358 199 179 -1 -1
9 20 51 358 384 199 188 -1 -1
9 4 51 1287 250 146 92 -1 -1
9 21 51 480 300 128 113 -1 -1
9 9 51 1371 299 180 119 -1 -1
9 24 51 670 244 99 82 -1 -1
9 12 51 1667 372 274 163 -1 -1
6 5 61 528 250 169 154 -1 -1
6 6 61 455 551 431 575 -1 -1
6 7 61 313 456 257 230 -1 -1
6 10 61 1237 72 86 103 -1 -1
6 11 61 724 275 157 151 -1 -1
6 16 61 1359 184 107 80 -1 -1
6 22 61 731 161 97 80 -1 -1
6 25 61 1583 312 208 146 -1 -1
7 3 62 746 268 162 144 -1 -1
7 8 62 137 362 454 177 -1 -1
7 6 62 836 300 672 270 -1 -1
8 13 55 895 257 180 169 -1 -1
8 18 55 1363 360 411 157 -1 -1
9 18 52 56 548 314 268 -1 -1
9 1 52 1163 263 106 66 -1 -1
9 19 52 581 367 208 187 -1 -1
9 20 52 343 391 209 196 -1 -1
9 4 52 1276 248 142 90 -1 -1
9 21 52 473 304 133 116 -1 -1
9 9 52 1357 296 175 115 -1 -1
9 24 52 675 244 100 85 -1 -1
9 12 52 1638 365 270 160 -1 -1
6 5 62 523 254 171 157 -1 -1
6 7 62 292 470 271 241 -1 -1
6 10 62 1236 72 88 102 -1 -1
6 11 62 720 280 161 155 -1 -1
6 16 62 1354 180 103 79 -1 -1
6 22 62 727 159 98 86 -1 -1
6 25 62 1562 302 198 140 -1 -1
7 3 63 749 269 159 144 -1 -1
7 8 63 68 368 447 177 -1 -1
7 6 63 741 304 673 271 -1 -1
8 13 56 895 257 181 170 -1 -1
8 18 56 1263 354 415 161 -1 -1
9 18 53 11 569 332 290 -1 -1
9 1 53 1154 263 104 63 -1 -1
9 19 53 574 377 214 193 -1 -1
9 20 53 327 399 217 205 -1 -1
9 4 53 1264 244 136 91 -1 -1
9 21 53 468 308 135 121 -1 -1
9 9 53 1343 292 169 113 -1 -1
9 24 53 677 246 103 86 -1 -1
9 12 53 1616 359 258 154 -1 -1
6 5 63 514 258 176 160 -1 -1
6 7 63 273 487 278 250 -1 -1
6 10 63 1236 73 85 101 -1 -1
6 11 63 715 286 166 161 -1 -1
6 16 63 1349 176 100 77 -1 -1
6 22 63 723 161 99 88 -1 -1
6 25 63 1546 290 189 137 -1 -1
6 14 63 1721 314 202 120 -1 -1
7 8 64 -2 372 444 177 -1 -1
7 6 64 648 305 672 275 -1 -1
7 7 64 1509 310 467 162 -1 -1
8 13 57 893 257 184 171 -1 -1
8 18 57 1161 349 418 165 -1 -1
9 18 54 -42 595 361 308 -1 -1
9 1 54 1144 260 104 62 -1 -1
9 19 54 561 383 228 209 -1 -1
9 20 54 309 407 227 215 -1 -1
9 4 54 1251 244 134 87 -1 -1
9 21 54 462 314 136 124 -1 -1
9 9 54 1329 291 166 109 -1 -1
9 24 54 681 249 103 85 -1 -1
9 12 54 1589 352 252 150 -1 -1
6 5 64 508 262 178 163 -1 -1
6 7 64 251 501 293 265 -1 -1
6 10 64 1235 73 84 100 -1 -1
6 11 64 711 293 168 165 -1 -1
6 16 64 1343 174 98 76 -1 -1
6 22 64 719 164 99 87 -1 -1
6 25 64 1529 281 180 132 -1 -1
6 14 64 1699 305 195 116 -1 -1
7 6 65 552 311 669 276 -1 -1
7 7 65 1436 311 472 163 -1 -1
8 13 58 892 258 184 171 -1 -1
8 18 58 1059 344 420 168 -1 -1
9 1 55 1136 258 100 62 -1 -1
9 19 55 536 395 254 217 -1 -1
9 20 55 288 416 239 227 -1 -1
9 4 55 1240 242 130 85 -1 -1
9 21 55 450 318 145 128 -1 -1
9 9 55 1314 289 162 106 -1 -1
9 24 55 683 251 106 88 -1 -1
9 12 55 1567 346 243 147 -1 -1
6 5 65 500 266 182 166 -1 -1
6 7 65 227 520 305 280 -1 -1
6 10 65 1235 73 83 99 -1 -1
6 11 65 705 300 170 170 -1 -1
6 16 65 1337 171 97 74 -1 -1
6 22 65 713 165 101 91 -1 -1
6 25 65 1515 274 171 126 -1 -1
6 14 65 1680 296 189 113 -1 -1
7 3 66 748 272 166 123 -1 -1
7 6 66 456 318 666 273 -1 -1
7 7 66 1361 313 480 165 -1 -1
8 13 59 891 258 185 172 -1 -1
8 18 59 953 344 423 163 -1 -1
9 19 56 536 405 248 230 -1 -1
9 20 56 264 427 253 236 -1 -1
9 4 56 1227 242 127 82 -1 -1
9 21 56 440 323 151 134 -1 -1
9 9 56 1301 285 157 106 -1 -1
9 24 56 685 252 108 89 -1 -1
9 12 56 1542 342 234 142 -1 -1
6 5 66 492 269 187 170 -1 -1
6 7 66 200 541 322 292 -1 -1
6 10 66 1237 73 81 98 -1 -1
6 11 66 699 307 175 175 -1 -1
6 16 66 1333 168 94 73 -1 -1
6 22 66 707 166 103 92 -1 -1
6 25 66 1497 267 167 120 -1 -1
6 14 66 1663 287 180 110 -1 -1
7 3 67 748 271 162 125 -1 -1
7 6 67 359 326 663 270 -1 -1
7 7 67 1283 315 486 167 -1 -1
8 18 60 850 344 423 160 -1 -1
9 19 57 525 418 257 242 -1 -1
9 20 57 240 439 265 247 -1 -1
9 4 57 1214 240 125 80 -1 -1
9 21 57 432 327 154 139 -1 -1
9 9 57 1288 283 153 102 -1 -1
9 24 57 687 254 110 92 -1 -1
9 12 57 1522 338 225 136 -1 -1
6 5 67 484 274 189 175 -1 -1
6 7 67 171 563 337 310 -1 -1
6 10 67 1238 73 78 97 -1 -1
6 11 67 692 314 182 184 -1 -1
6 16 67 1328 165 92 71 -1 -1
6 22 67 702 170 103 93 -1 -1
6 25 67 1483 259 160 116 -1 -1
6 14 67 1644 281 175 106 -1 -1
7 3 68 749 269 160 142 -1 -1
7 6 68 262 329 660 274 -1 -1
7 7 68 1202 317 492 168 -1 -1
8 13 61 892 266 183 133 -1 -1
8 18 61 748 343 420 156 -1 -1
9 19 58 508 430 272 257 -1 -1
9 20 58 213 451 281 260 -1 -1
9 4 58 1202 237 125 79 -1 -1
9 21 58 421 333 160 146 -1 -1
9 9 58 1275 280 151 101 -1 -1
9 24 58 691 256 111 94 -1 -1
9 12 58 1501 333 216 135 -1 -1
