7 0 1 125 208 250 105 -1 -1
7 1 1 1238 341 517 195 -1 -1
7 2 1 608 299 540 222 -1 -1
7 3 2 745 279 182 84 -1 -1
7 0 2 99 210 244 103 -1 -1
7 1 2 1183 342 520 196 -1 -1
7 2 2 525 302 535 222 -1 -1
6 4 2 717 163 102 85 -1 -1
6 5 2 650 219 109 89 -1 -1
6 6 2 348 361 283 262 -1 -1
6 7 2 746 209 144 139 -1 -1
6 8 2 574 258 140 115 -1 -1
6 9 2 676 334 208 206 -1 -1
6 1 2 505 602 335 334 -1 -1
6 10 2 1352 101 444 349 -1 -1
7 0 3 83 212 228 102 -1 -1
7 1 3 1126 345 520 195 -1 -1
7 2 3 441 309 534 220 -1 -1
6 4 3 716 164 102 85 -1 -1
6 5 3 648 220 110 89 -1 -1
6 6 3 336 371 289 268 -1 -1
6 7 3 745 210 144 139 -1 -1
6 8 3 572 260 142 116 -1 -1
6 9 3 672 338 211 212 -1 -1
6 1 3 495 615 344 353 -1 -1
6 10 3 1343 98 418 337 -1 -1
7 3 4 749 270 161 138 -1 -1
7 0 4 40 214 244 100 -1 -1
7 1 4 1066 346 524 196 -1 -1
7 2 4 357 313 529 220 -1 -1
6 4 4 713 165 103 85 -1 -1
6 5 4 646 220 112 91 -1 -1
6 6 4 322 379 298 275 -1 -1
6 7 4 744 211 144 139 -1 -1
6 8 4 567 263 145 117 -1 -1
6 9 4 668 341 214 217 -1 -1
6 1 4 483 633 358 373 -1 -1
6 10 4 1337 96 391 324 -1 -1
7 3 5 749 269 161 142 -1 -1
7 0 5 10 215 244 103 -1 -1
7 1 5 1006 347 526 199 -1 -1
7 2 5 274 316 523 223 -1 -1
6 4 5 712 167 103 84 -1 -1
6 5 5 645 222 112 90 -1 -1
6 6 5 308 388 307 286 -1 -1
6 7 5 744 212 142 139 -1 -1
6 11 5 698 289 168 141 -1 -1
6 8 5 565 265 145 118 -1 -1
6 9 5 661 347 220 220 -1 -1
6 1 5 470 653 370 394 -1 -1
6 10 5 1332 96 366 307 -1 -1
7 3 6 749 269 161 142 -1 -1
7 1 6 942 348 529 203 -1 -1
7 2 6 192 321 516 223 -1 -1
