7 0 1 126 206 247 109 -1 -1
7 1 1 1240 339 516 198 -1 -1
7 2 1 608 300 540 220 -1 -1
7 3 2 744 277 191 87 -1 -1
7 0 2 100 209 244 106 -1 -1
7 1 2 1183 342 520 195 -1 -1
7 2 2 524 306 537 217 -1 -1
6 4 2 349 362 283 259 -1 -1
6 5 2 649 219 109 90 -1 -1
6 6 2 746 209 142 138 -1 -1
6 7 2 718 166 100 82 -1 -1
6 8 2 574 258 140 115 -1 -1
6 9 2 680 335 204 206 -1 -1
6 1 2 504 601 335 334 -1 -1
6 10 2 1350 101 445 351 -1 -1
7 0 3 85 212 225 102 -1 -1
7 1 3 1125 345 523 194 -1 -1
7 2 3 441 310 534 218 -1 -1
6 4 3 337 371 289 266 -1 -1
6 5 3 647 219 112 91 -1 -1
6 6 3 746 210 141 138 -1 -1
6 7 3 715 166 101 83 -1 -1
6 8 3 572 260 142 118 -1 -1
6 9 3 672 338 211 212 -1 -1
6 1 3 494 614 346 355 -1 -1
6 10 3 1343 101 418 333 -1 -1
7 3 4 751 269 157 139 -1 -1
7 0 4 43 214 239 100 -1 -1
7 1 4 1066 345 523 197 -1 -1
7 2 4 359 314 528 220 -1 -1
6 4 4 322 380 298 274 -1 -1
6 5 4 646 221 112 90 -1 -1
6 6 4 745 210 140 140 -1 -1
6 7 4 713 166 103 84 -1 -1
6 8 4 568 263 143 117 -1 -1
6 9 4 667 342 215 216 -1 -1
6 1 4 482 633 359 371 -1 -1
6 10 4 1337 99 393 319 -1 -1
7 3 5 749 269 161 142 -1 -1
7 0 5 10 214 242 104 -1 -1
7 1 5 1006 347 527 199 -1 -1
7 2 5 274 315 523 223 -1 -1
6 4 5 306 388 307 284 -1 -1
6 5 5 645 222 112 90 -1 -1
6 6 5 744 211 140 141 -1 -1
6 0 5 700 289 163 138 -1 -1
6 7 5 712 169 103 81 -1 -1
6 8 5 565 265 144 118 -1 -1
6 9 5 662 347 220 220 -1 -1
6 1 5 467 654 374 391 -1 -1
6 10 5 1334 99 364 301 -1 -1
7 3 6 749 269 161 142 -1 -1
7 1 6 942 350 530 200 -1 -1
7 2 6 191 320 517 224 -1 -1
6 4 6 288 399 320 292 -1 -1
6 5 6 643 222 113 91 -1 -1
6 6 6 744 212 142 142 -1 -1
6 0 6 695 292 170 140 -1 -1
6 7 6 710 169 103 83 -1 -1
6 8 6 561 269 146 117 -1 -1
6 9 6 656 355 229 220 -1 -1
6 1 6 455 677 386 412 -1 -1
6 10 6 1328 97 346 290 -1 -1
7 3 7 749 269 161 142 -1 -1
7 1 7 876 352 533 202 -1 -1
7 2 7 110 327 510 223 -1 -1
6 4 7 273 410 328 301 -1 -1
6 5 7 641 223 114 91 -1 -1
6 6 7 740 212 145 145 -1 -1
6 0 7 694 295 169 142 -1 -1
6 7 7 707 169 106 84 -1 -1
6 8 7 559 271 148 118 -1 -1
6 9 7 653 358 226 229 -1 -1
6 1 7 439 697 403 440 -1 -1
6 10 7 1323 95 324 280 -1 -1
7 3 8 749 269 161 142 -1 -1
7 1 8 812 356 532 201 -1 -1
7 2 8 29 332 501 223 -1 -1
6 4 8 252 423 343 311 -1 -1
6 5 8 638 224 116 92 -1 -1
6 6 8 739 214 146 144 -1 -1
6 0 8 693 299 171 142 -1 -1
6 7 8 705 169 107 85 -1 -1
6 8 8 555 272 149 121 -1 -1
6 9 8 647 360 230 236 -1 -1
6 10 8 1319 87 310 277 -1 -1
7 3 9 750 267 160 144 -1 -1
7 1 9 741 360 539 201 -1 -1
7 2 9 -49 340 492 220 -1 -1
8 12 2 665 227 238 106 -1 -1
6 4 9 230 435 358 325 -1 -1
6 5 9 637 225 117 93 -1 -1
6 6 9 737 214 148 146 -1 -1
6 0 9 690 300 171 148 -1 -1
6 7 9 702 170 109 85 -1 -1
6 8 9 552 275 152 122 -1 -1
6 9 9 640 365 235 242 -1 -1
6 10 9 1314 87 296 267 -1 -1
7 3 10 750 267 160 144 -1 -1
7 1 10 674 364 535 199 -1 -1
8 12 3 679 225 238 110 -1 -1
6 4 10 208 449 371 338 -1 -1
6 5 10 636 226 117 93 -1 -1
6 6 10 736 215 148 148 -1 -1
6 0 10 688 300 172 158 -1 -1
6 7 10 701 170 108 86 -1 -1
6 8 10 548 278 153 124 -1 -1
6 9 10 633 373 241 246 -1 -1
6 10 10 1311 86 278 257 -1 -1
7 3 11 750 267 160 144 -1 -1
7 1 11 605 368 532 199 -1 -1
7 4 11 1388 264 591 222 -1 -1
8 12 4 694 225 234 112 -1 -1
6 4 11 183 466 386 349 -1 -1
6 5 11 634 227 118 94 -1 -1
6 6 11 733 214 151 151 -1 -1
6 0 11 686 303 172 163 -1 -1
6 7 11 700 170 108 88 -1 -1
6 8 11 544 280 153 127 -1 -1
6 9 11 629 381 243 251 -1 -1
6 10 11 1307 87 266 247 -1 -1
7 3 12 750 267 160 144 -1 -1
7 1 12 533 371 533 202 -1 -1
7 4 12 1315 267 603 222 -1 -1
8 12 5 708 226 232 112 -1 -1
9 13 2 647 274 89 82 -1 -1
9 14 2 508 292 95 76 -1 -1
9 15 2 488 356 176 164 -1 -1
6 4 12 157 482 403 368 -1 -1
6 5 12 633 228 118 94 -1 -1
6 6 12 733 216 151 152 -1 -1
6 0 12 682 305 175 167 -1 -1
6 7 12 698 172 108 88 -1 -1
6 8 12 541 283 155 128 -1 -1
6 9 12 622 391 248 255 -1 -1
6 10 12 1303 88 254 237 -1 -1
7 3 13 749 267 160 144 -1 -1
7 1 13 460 374 535 202 -1 -1
7 4 13 1247 268 606 223 -1 -1
8 12 6 721 227 230 112 -1 -1
9 13 3 644 276 92 85 -1 -1
9 14 3 503 295 97 79 -1 -1
9 15 3 481 364 185 170 -1 -1
6 4 13 127 499 421 387 -1 -1
6 5 13 631 229 118 95 -1 -1
6 6 13 730 216 154 155 -1 -1
6 0 13 680 308 174 169 -1 -1
6 7 13 697 172 108 89 -1 -1
6 8 13 535 285 160 131 -1 -1
6 9 13 614 398 254 263 -1 -1
6 10 13 1301 87 242 227 -1 -1
7 3 14 748 267 161 144 -1 -1
7 1 14 390 378 529 202 -1 -1
7 4 14 1172 268 612 228 -1 -1
8 12 7 733 226 229 115 -1 -1
9 13 4 644 277 94 89 -1 -1
9 14 4 499 297 101 83 -1 -1
9 15 4 476 371 191 181 -1 -1
6 4 14 95 517 443 412 -1 -1
6 5 14 630 230 118 96 -1 -1
6 6 14 730 216 153 157 -1 -1
6 0 14 677 313 178 172 -1 -1
6 7 14 695 172 109 91 -1 -1
6 8 14 531 288 162 133 -1 -1
6 9 14 606 407 260 271 -1 -1
6 10 14 1294 84 238 223 -1 -1
7 3 15 748 267 161 144 -1 -1
7 1 15 318 381 528 203 -1 -1
7 4 15 1097 270 615 229 -1 -1
8 12 8 746 227 225 117 -1 -1
9 13 5 643 280 96 92 -1 -1
9 14 5 494 300 104 85 -1 -1
9 15 5 469 371 202 199 -1 -1
6 4 15 60 539 464 431 -1 -1
6 5 15 625 231 122 96 -1 -1
6 6 15 728 221 154 154 -1 -1
6 0 15 671 316 184 178 -1 -1
6 7 15 693 173 109 91 -1 -1
6 8 15 525 292 163 136 -1 -1
6 9 15 597 415 266 278 -1 -1
6 10 15 1292 83 224 217 -1 -1
7 3 16 748 267 161 144 -1 -1
7 1 16 247 388 520 201 -1 -1
7 4 16 1021 274 618 229 -1 -1
8 12 9 756 227 227 118 -1 -1
9 13 6 643 284 98 94 -1 -1
9 14 6 490 305 106 88 -1 -1
9 15 6 463 381 208 208 -1 -1
6 4 16 23 563 490 458 -1 -1
6 5 16 624 234 124 94 -1 -1
6 6 16 726 222 155 157 -1 -1
6 0 16 666 319 188 180 -1 -1
6 7 16 691 174 110 91 -1 -1
6 8 16 521 296 163 136 -1 -1
6 9 16 588 424 275 289 -1 -1
6 10 16 1289 83 215 209 -1 -1
7 3 17 748 267 161 144 -1 -1
7 1 17 175 393 517 202 -1 -1
7 4 17 942 274 624 234 -1 -1
8 12 10 770 227 220 120 -1 -1
9 13 7 644 287 100 97 -1 -1
9 14 7 486 310 109 88 -1 -1
9 15 7 453 396 220 211 -1 -1
6 4 17 -21 579 523 499 -1 -1
6 5 17 623 235 121 95 -1 -1
6 6 17 724 224 156 158 -1 -1
6 0 17 662 324 190 183 -1 -1
6 7 17 689 174 111 92 -1 -1
6 8 17 515 301 167 136 -1 -1
6 9 17 577 436 283 296 -1 -1
6 10 17 1287 83 206 203 -1 -1
6 11 17 847 155 86 73 -1 -1
7 3 18 749 267 159 145 -1 -1
7 1 18 104 396 510 203 -1 -1
7 4 18 864 279 621 232 -1 -1
8 12 11 780 228 220 120 -1 -1
9 13 8 643 291 103 99 -1 -1
9 14 8 481 314 112 90 -1 -1
9 15 8 444 408 229 220 -1 -1
6 4 18 -66 608 551 533 -1 -1
6 5 18 620 237 124 97 -1 -1
6 6 18 721 227 157 160 -1 -1
6 0 18 660 328 189 187 -1 -1
6 7 18 686 175 113 93 -1 -1
6 8 18 508 304 170 139 -1 -1
6 9 18 568 447 289 307 -1 -1
6 10 18 1283 84 199 196 -1 -1
6 11 18 846 157 85 73 -1 -1
7 3 19 749 267 161 145 -1 -1
7 1 19 34 401 501 204 -1 -1
7 4 19 781 279 630 238 -1 -1
8 12 12 790 230 218 120 -1 -1
9 13 9 643 293 107 103 -1 -1
9 14 9 477 317 115 94 -1 -1
9 15 9 433 417 241 233 -1 -1
9 2 9 1677 320 247 150 -1 -1
6 5 19 617 237 125 98 -1 -1
6 6 19 719 229 158 160 -1 -1
6 0 19 655 333 191 190 -1 -1
6 7 19 683 175 114 94 -1 -1
6 8 19 501 307 175 143 -1 -1
6 9 19 557 459 299 317 -1 -1
6 10 19 1280 83 193 190 -1 -1
6 11 19 843 158 86 76 -1 -1
7 1 20 -36 407 498 202 -1 -1
7 4 20 699 282 627 240 -1 -1
8 12 13 801 230 216 122 -1 -1
9 13 10 644 298 108 105 -1 -1
9 14 10 473 321 119 97 -1 -1
9 15 10 418 428 254 251 -1 -1
9 2 10 1654 316 237 142 -1 -1
6 5 20 614 238 126 101 -1 -1
6 6 20 716 229 160 163 -1 -1
6 0 20 650 337 196 194 -1 -1
6 7 20 681 174 115 97 -1 -1
6 8 20 496 311 178 145 -1 -1
6 9 20 544 472 308 332 -1 -1
6 10 20 1279 82 182 187 -1 -1
6 11 20 841 160 87 76 -1 -1
7 4 21 619 288 621 238 -1 -1
7 9 21 1426 312 549 217 -1 -1
8 12 14 812 231 213 125 -1 -1
8 9 14 -165 614 1051 480 -1 -1
9 13 11 648 302 106 107 -1 -1
9 14 11 468 325 121 101 -1 -1
9 15 11 403 446 268 262 -1 -1
9 2 11 1629 311 229 138 -1 -1
6 5 21 612 241 126 100 -1 -1
6 6 21 714 233 160 163 -1 -1
6 0 21 642 344 203 196 -1 -1
6 7 21 679 175 115 98 -1 -1
6 8 21 490 316 178 148 -1 -1
6 9 21 531 486 320 344 -1 -1
6 10 21 1276 80 179 184 -1 -1
6 11 21 839 161 87 77 -1 -1
7 4 22 536 296 619 232 -1 -1
7 9 22 1359 313 553 219 -1 -1
8 12 15 822 232 211 126 -1 -1
8 9 15 -52 619 1075 483 -1 -1
9 13 12 646 306 110 110 -1 -1
9 14 12 461 330 127 103 -1 -1
9 15 12 383 459 284 284 -1 -1
9 2 12 1604 307 225 134 -1 -1
6 5 22 609 242 128 101 -1 -1
6 6 22 711 237 163 163 -1 -1
6 0 22 637 350 205 199 -1 -1
6 7 22 678 176 114 99 -1 -1
6 8 22 482 321 182 150 -1 -1
6 9 22 520 500 328 359 -1 -1
6 10 22 1273 79 175 179 -1 -1
6 11 22 835 162 89 79 -1 -1
7 4 23 445 298 630 236 -1 -1
7 9 23 1290 312 561 224 -1 -1
8 12 16 831 232 209 128 -1 -1
8 9 16 66 624 1098 484 -1 -1
8 15 16 1464 372 515 193 -1 -1
9 13 13 644 309 113 116 -1 -1
9 14 13 453 336 130 106 -1 -1
9 15 13 359 476 304 307 -1 -1
9 2 13 1579 302 216 131 -1 -1
6 5 23 606 244 129 102 -1 -1
6 6 23 709 239 164 164 -1 -1
6 0 23 633 355 208 206 -1 -1
6 7 23 675 178 116 99 -1 -1
6 8 23 475 325 187 154 -1 -1
6 9 23 504 516 343 377 -1 -1
6 10 23 1271 79 167 173 -1 -1
6 11 23 832 164 92 79 -1 -1
7 4 24 369 301 618 238 -1 -1
7 9 24 1217 312 565 228 -1 -1
8 12 17 842 233 204 129 -1 -1
8 9 17 201 627 1107 487 -1 -1
8 15 17 1335 368 526 196 -1 -1
9 13 14 642 315 116 119 -1 -1
9 14 14 443 341 137 110 -1 -1
9 15 14 329 494 326 334 -1 -1
9 2 14 1557 299 211 126 -1 -1
6 5 24 603 246 130 103 -1 -1
6 6 24 707 243 166 166 -1 -1
6 0 24 626 362 212 210 -1 -1
6 7 24 673 179 118 99 -1 -1
6 8 24 468 329 189 158 -1 -1
6 9 24 490 533 353 400 -1 -1
6 10 24 1270 78 161 172 -1 -1
6 11 24 831 165 91 82 -1 -1
7 3 25 749 266 160 145 -1 -1
7 4 25 286 308 610 235 -1 -1
7 9 25 1144 313 568 231 -1 -1
8 12 18 850 233 201 131 -1 -1
8 9 18 338 632 1114 486 -1 -1
8 15 18 1201 361 535 199 -1 -1
9 13 15 638 321 121 121 -1 -1
9 14 15 434 348 141 112 -1 -1
9 15 15 296 517 350 362 -1 -1
9 2 15 1535 297 202 121 -1 -1
9 16 15 524 283 85 73 -1 -1
6 5 25 600 248 130 104 -1 -1
6 6 25 705 244 166 169 -1 -1
6 0 25 622 368 215 215 -1 -1
6 7 25 672 180 117 99 -1 -1
6 8 25 462 335 191 160 -1 -1
6 9 25 471 551 373 421 -1 -1
6 10 25 1271 77 154 167 -1 -1
6 11 25 828 168 92 82 -1 -1
7 3 26 749 266 160 147 -1 -1
7 4 26 204 311 604 239 -1 -1
7 9 26 1071 313 570 234 -1 -1
8 12 19 858 234 198 132 -1 -1
8 9 19 484 639 1108 480 -1 -1
8 15 19 1062 353 547 205 -1 -1
9 13 16 632 324 128 128 -1 -1
9 14 16 423 354 146 118 -1 -1
9 15 16 257 541 382 403 -1 -1
9 2 16 1511 293 198 119 -1 -1
9 16 16 522 286 85 76 -1 -1
9 18 16 1654 392 273 150 -1 -1
6 5 26 598 250 130 105 -1 -1
6 6 26 701 246 169 173 -1 -1
6 0 26 613 374 223 221 -1 -1
6 7 26 669 182 118 99 -1 -1
6 8 26 452 341 197 163 -1 -1
6 9 26 454 572 388 443 -1 -1
6 10 26 1268 77 152 164 -1 -1
6 11 26 827 170 91 81 -1 -1
7 3 27 749 266 160 147 -1 -1
7 4 27 119 317 604 238 -1 -1
7 9 27 992 316 573 237 -1 -1
8 12 20 864 236 197 132 -1 -1
8 9 20 633 645 1104 475 -1 -1
8 15 20 925 352 549 202 -1 -1
9 13 17 628 330 133 133 -1 -1
9 14 17 412 360 151 122 -1 -1
9 15 17 208 572 422 440 -1 -1
9 2 17 1490 289 189 116 -1 -1
9 16 17 516 288 87 78 -1 -1
9 18 17 1629 386 265 145 -1 -1
6 5 27 595 253 131 106 -1 -1
6 6 27 699 248 170 176 -1 -1
6 0 27 606 383 230 226 -1 -1
6 7 27 666 183 119 100 -1 -1
6 8 27 444 345 200 169 -1 -1
6 9 27 434 593 406 473 -1 -1
6 10 27 1267 76 146 161 -1 -1
6 11 27 824 171 94 83 -1 -1
7 3 28 750 267 157 144 -1 -1
7 4 28 41 325 591 232 -1 -1
7 9 28 913 319 577 234 -1 -1
8 12 21 872 238 192 132 -1 -1
8 9 21 785 649 1092 469 -1 -1
8 15 21 788 349 549 202 -1 -1
9 13 18 625 336 137 139 -1 -1
9 14 18 401 367 157 127 -1 -1
9 15 18 151 603 468 502 -1 -1
9 2 18 1470 287 181 112 -1 -1
9 16 18 515 292 85 78 -1 -1
9 18 18 1607 381 256 142 -1 -1
6 5 28 589 256 136 106 -1 -1
6 6 28 694 251 176 179 -1 -1
6 0 28 601 389 231 233 -1 -1
6 7 28 663 184 121 100 -1 -1
6 8 28 434 353 206 169 -1 -1
6 9 28 412 620 427 500 -1 -1
6 10 28 1267 75 140 160 -1 -1
6 11 28 821 172 95 85 -1 -1
7 3 29 749 266 157 146 -1 -1
7 4 29 -39 332 583 231 -1 -1
7 9 29 832 322 579 235 -1 -1
8 12 22 877 239 190 133 -1 -1
8 9 22 940 656 1081 462 -1 -1
8 15 22 650 342 544 205 -1 -1
9 13 19 620 342 148 143 -1 -1
9 14 19 388 374 164 133 -1 -1
9 2 19 1451 283 177 109 -1 -1
9 16 19 512 296 88 80 -1 -1
9 18 19 1586 374 246 138 -1 -1
6 5 29 586 257 136 109 -1 -1
6 6 29 690 255 179 181 -1 -1
6 0 29 594 398 235 241 -1 -1
6 7 29 660 184 121 103 -1 -1
6 8 29 425 359 210 175 -1 -1
6 10 29 1265 75 137 156 -1 -1
6 11 29 821 174 94 86 -1 -1
7 3 30 749 266 158 145 -1 -1
7 9 30 752 323 580 239 -1 -1
8 12 23 885 240 186 134 -1 -1
8 15 23 510 340 547 205 -1 -1
9 13 20 615 348 154 151 -1 -1
9 14 20 375 382 170 137 -1 -1
9 2 20 1433 281 171 106 -1 -1
9 16 20 506 297 92 85 -1 -1
9 18 20 1564 369 243 133 -1 -1
9 17 20 537 259 79 82 -1 -1
6 5 30 583 259 136 110 -1 -1
6 6 30 687 259 180 184 -1 -1
6 0 30 586 407 241 247 -1 -1
6 7 30 657 184 122 104 -1 -1
6 8 30 414 366 214 178 -1 -1
6 10 30 1264 76 133 151 -1 -1
6 11 30 818 176 95 88 -1 -1
7 3 31 749 267 158 144 -1 -1
7 9 31 671 327 579 241 -1 -1
8 12 24 889 240 183 137 -1 -1
8 15 24 375 335 543 207 -1 -1
9 13 21 612 355 161 157 -1 -1
9 14 21 362 390 179 143 -1 -1
9 2 21 1415 276 168 104 -1 -1
9 16 21 505 301 94 87 -1 -1
9 18 21 1546 364 234 130 -1 -1
9 17 21 534 263 85 81 -1 -1
6 5 31 577 262 139 112 -1 -1
6 6 31 686 262 181 187 -1 -1
6 0 31 580 418 245 254 -1 -1
6 7 31 654 186 124 105 -1 -1
6 8 31 402 373 221 184 -1 -1
6 10 31 1262 74 131 151 -1 -1
6 11 31 814 179 98 87 -1 -1
7 3 32 749 267 160 144 -1 -1
7 9 32 592 331 573 241 -1 -1
8 12 25 896 240 177 139 -1 -1
8 15 25 244 336 537 202 -1 -1
9 13 22 606 361 172 166 -1 -1
9 14 22 349 399 185 149 -1 -1
9 2 22 1400 273 162 103 -1 -1
9 16 22 503 305 94 88 -1 -1
9 18 22 1527 359 229 126 -1 -1
9 17 22 533 266 87 82 -1 -1
9 1 22 640 245 83 76 -1 -1
6 5 32 573 264 142 113 -1 -1
6 6 32 684 267 184 189 -1 -1
6 0 32 570 427 253 263 -1 -1
6 7 32 651 186 125 107 -1 -1
6 8 32 392 381 226 187 -1 -1
6 10 32 1258 75 133 147 -1 -1
6 11 32 812 180 99 89 -1 -1
7 3 33 749 268 160 139 -1 -1
7 9 33 509 336 574 240 -1 -1
8 12 26 898 242 178 139 -1 -1
8 15 26 119 334 528 199 -1 -1
9 13 23 602 370 178 172 -1 -1
9 14 23 332 408 197 155 -1 -1
9 2 23 1385 271 158 99 -1 -1
9 16 23 498 308 100 90 -1 -1
9 18 23 1511 353 220 124 -1 -1
9 17 23 531 268 89 84 -1 -1
9 1 23 641 247 86 77 -1 -1
6 5 33 570 268 141 114 -1 -1
6 6 33 681 270 186 193 -1 -1
6 0 33 561 436 260 275 -1 -1
6 7 33 650 187 123 108 -1 -1
6 8 33 379 388 233 194 -1 -1
6 10 33 1258 74 126 145 -1 -1
6 11 33 810 181 99 92 -1 -1
7 3 34 749 268 160 140 -1 -1
7 9 34 429 341 570 240 -1 -1
8 12 27 903 243 174 140 -1 -1
8 15 27 -3 333 520 195 -1 -1
9 13 24 597 378 184 179 -1 -1
9 14 24 316 420 205 161 -1 -1
9 2 24 1370 269 153 95 -1 -1
9 16 24 494 311 103 92 -1 -1
9 18 24 1495 348 211 121 -1 -1
9 17 24 530 269 91 84 -1 -1
9 1 24 641 249 89 79 -1 -1
6 5 34 564 270 145 118 -1 -1
6 6 34 677 274 188 197 -1 -1
6 0 34 552 449 269 284 -1 -1
6 7 34 647 189 125 108 -1 -1
6 8 34 367 398 238 195 -1 -1
6 10 34 1257 74 125 143 -1 -1
6 11 34 806 184 103 91 -1 -1
7 3 35 749 268 160 143 -1 -1
7 9 35 347 346 565 238 -1 -1
8 12 28 907 244 171 141 -1 -1
9 13 25 590 385 191 191 -1 -1
9 14 25 295 429 220 175 -1 -1
9 2 25 1357 264 147 97 -1 -1
9 16 25 490 316 106 94 -1 -1
9 18 25 1477 345 207 117 -1 -1
9 17 25 530 272 91 86 -1 -1
9 1 25 642 251 90 82 -1 -1
6 5 35 560 275 145 117 -1 -1
6 6 35 673 278 191 200 -1 -1
6 0 35 540 461 278 296 -1 -1
6 7 35 642 192 127 108 -1 -1
6 8 35 353 406 244 205 -1 -1
6 10 35 1259 73 118 142 -1 -1
6 11 35 804 186 103 92 -1 -1
7 3 36 749 267 160 144 -1 -1
7 9 36 264 351 561 238 -1 -1
8 12 29 909 246 170 141 -1 -1
9 13 26 584 398 197 196 -1 -1
9 14 26 271 443 233 178 -1 -1
9 2 26 1340 263 145 93 -1 -1
9 16 26 486 319 108 96 -1 -1
9 18 26 1463 340 198 114 -1 -1
9 17 26 528 275 93 88 -1 -1
9 1 26 643 254 91 82 -1 -1
6 5 36 556 276 146 122 -1 -1
6 6 36 670 282 193 206 -1 -1
6 0 36 529 474 289 310 -1 -1
6 7 36 640 193 127 109 -1 -1
6 8 36 340 417 250 208 -1 -1
6 10 36 1257 73 116 139 -1 -1
6 11 36 802 189 103 94 -1 -1
7 3 37 750 267 160 144 -1 -1
7 9 37 181 357 558 238 -1 -1
7 0 37 1473 316 498 208 -1 -1
8 12 30 912 245 168 145 -1 -1
9 13 27 570 406 211 214 -1 -1
9 14 27 246 455 244 193 -1 -1
9 2 27 1326 261 141 90 -1 -1
9 16 27 481 323 109 98 -1 -1
9 18 27 1452 337 184 111 -1 -1
9 17 27 526 277 93 91 -1 -1
9 1 27 642 255 95 85 -1 -1
6 5 37 550 280 149 123 -1 -1
6 6 37 666 286 199 209 -1 -1
6 0 37 519 490 298 320 -1 -1
6 7 37 636 194 130 110 -1 -1
6 8 37 325 425 257 217 -1 -1
6 10 37 1256 72 113 137 -1 -1
6 11 37 800 191 106 95 -1 -1
7 3 38 750 267 160 144 -1 -1
7 9 38 102 359 549 241 -1 -1
7 0 38 1402 315 504 213 -1 -1
8 12 31 914 247 166 145 -1 -1
8 0 31 -75 643 1008 469 -1 -1
9 13 28 559 416 221 227 -1 -1
9 14 28 218 468 256 205 -1 -1
9 2 28 1310 259 137 88 -1 -1
9 16 28 474 327 112 101 -1 -1
9 18 28 1433 333 182 108 -1 -1
9 17 28 521 280 97 93 -1 -1
9 1 28 642 259 96 87 -1 -1
6 5 38 544 285 152 124 -1 -1
6 6 38 664 290 201 217 -1 -1
6 0 38 507 499 307 344 -1 -1
6 7 38 634 195 130 113 -1 -1
6 8 38 310 436 262 224 -1 -1
6 10 38 1255 72 112 136 -1 -1
6 11 38 798 193 105 96 -1 -1
6 15 38 1694 354 256 169 -1 -1
7 3 39 750 267 160 144 -1 -1
7 9 39 20 367 546 237 -1 -1
7 0 39 1330 318 510 210 -1 -1
8 12 32 916 248 163 145 -1 -1
8 0 32 55 648 1030 471 -1 -1
9 13 29 542 430 236 241 -1 -1
9 14 29 185 485 275 217 -1 -1
9 2 29 1296 257 134 86 -1 -1
9 16 29 466 332 116 104 -1 -1
9 18 29 1416 330 177 103 -1 -1
9 17 29 514 283 103 94 -1 -1
9 1 29 641 263 97 87 -1 -1
9 19 29 1674 315 288 170 -1 -1
6 5 39 539 287 154 127 -1 -1
6 6 39 659 296 205 221 -1 -1
6 0 39 492 520 319 356 -1 -1
6 7 39 631 196 131 114 -1 -1
6 8 39 293 448 271 229 -1 -1
6 10 39 1254 71 109 134 -1 -1
6 11 39 796 194 107 100 -1 -1
6 15 39 1665 341 246 162 -1 -1
7 3 40 750 267 160 144 -1 -1
7 9 40 -57 374 534 234 -1 -1
7 0 40 1255 318 514 214 -1 -1
8 12 33 917 248 161 149 -1 -1
8 0 33 195 657 1044 466 -1 -1
9 13 30 529 446 247 254 -1 -1
9 14 30 145 500 298 235 -1 -1
9 2 30 1283 256 130 82 -1 -1
9 16 30 457 336 122 109 -1 -1
9 18 30 1395 329 175 99 -1 -1
9 17 30 511 287 103 96 -1 -1
9 1 30 640 264 99 91 -1 -1
9 19 30 1648 311 280 163 -1 -1
6 5 40 534 292 154 129 -1 -1
6 6 40 654 301 211 229 -1 -1
6 0 40 478 541 332 371 -1 -1
6 7 40 627 198 134 115 -1 -1
6 8 40 274 460 283 236 -1 -1
6 10 40 1253 70 107 133 -1 -1
6 11 40 793 198 108 100 -1 -1
6 15 40 1638 327 234 156 -1 -1
7 3 41 751 267 157 144 -1 -1
7 0 41 1176 319 520 220 -1 -1
8 12 34 915 248 163 150 -1 -1
8 0 34 344 659 1050 471 -1 -1
9 13 31 511 457 262 278 -1 -1
9 14 31 106 522 316 250 -1 -1
9 2 31 1270 254 127 80 -1 -1
9 16 31 450 341 125 112 -1 -1
9 18 31 1378 323 173 98 -1 -1
9 17 31 507 291 106 96 -1 -1
9 1 31 638 267 103 94 -1 -1
9 19 31 1619 306 276 159 -1 -1
6 5 41 526 296 160 131 -1 -1
6 6 41 650 309 215 231 -1 -1
6 0 41 460 560 349 397 -1 -1
6 7 41 624 201 132 114 -1 -1
6 8 41 255 473 292 247 -1 -1
6 10 41 1253 70 106 131 -1 -1
6 11 41 789 200 112 101 -1 -1
6 15 41 1616 313 220 153 -1 -1
7 3 42 750 267 160 144 -1 -1
7 0 42 1097 317 523 224 -1 -1
8 12 35 914 249 164 151 -1 -1
8 0 35 500 666 1050 465 -1 -1
8 13 35 1372 365 420 150 -1 -1
9 13 32 492 475 278 297 -1 -1
9 14 32 56 543 347 272 -1 -1
9 2 32 1257 251 123 82 -1 -1
9 16 32 440 346 131 115 -1 -1
9 18 32 1365 319 168 98 -1 -1
9 17 32 504 296 106 96 -1 -1
9 1 32 638 269 106 97 -1 -1
9 19 32 1600 304 261 151 -1 -1
6 5 42 521 301 162 133 -1 -1
6 6 42 646 313 220 241 -1 -1
6 0 42 443 565 364 440 -1 -1
6 7 42 622 203 132 115 -1 -1
6 8 42 235 486 302 257 -1 -1
6 10 42 1252 70 103 130 -1 -1
6 11 42 788 203 109 103 -1 -1
6 15 42 1593 302 211 144 -1 -1
7 3 43 749 267 159 144 -1 -1
7 0 43 1017 317 526 230 -1 -1
7 8 43 1503 305 445 163 -1 -1
8 12 36 912 250 167 152 -1 -1
8 0 36 660 669 1044 463 -1 -1
8 13 36 1370 386 548 196 -1 -1
9 13 33 469 492 297 324 -1 -1
9 14 33 4 567 376 290 -1 -1
9 2 33 1245 249 121 78 -1 -1
9 16 33 433 352 133 117 -1 -1
9 18 33 1349 315 167 97 -1 -1
9 17 33 500 299 109 98 -1 -1
9 1 33 637 273 110 99 -1 -1
9 19 33 1579 299 253 148 -1 -1
6 5 43 512 306 167 136 -1 -1
6 6 43 638 320 229 247 -1 -1
6 0 43 422 591 383 463 -1 -1
6 7 43 617 205 134 116 -1 -1
6 8 43 203 501 325 268 -1 -1
6 10 43 1253 71 100 126 -1 -1
6 11 43 785 205 113 106 -1 -1
6 15 43 1571 291 204 139 -1 -1
7 3 44 749 267 158 144 -1 -1
7 0 44 932 323 532 228 -1 -1
7 8 44 1438 306 453 166 -1 -1
8 12 37 912 251 166 154 -1 -1
8 0 37 826 673 1029 456 -1 -1
8 13 37 1235 381 558 198 -1 -1
9 13 34 444 513 320 354 -1 -1
9 14 34 -55 593 409 317 -1 -1
9 2 34 1236 247 118 77 -1 -1
9 16 34 427 357 135 121 -1 -1
9 18 34 1338 312 162 93 -1 -1
9 17 34 498 302 112 103 -1 -1
9 1 34 637 274 113 103 -1 -1
9 19 34 1559 294 244 145 -1 -1
6 5 44 507 310 166 140 -1 -1
6 6 44 634 327 233 253 -1 -1
6 0 44 401 625 401 485 -1 -1
6 7 44 613 205 137 121 -1 -1
6 8 44 190 516 325 280 -1 -1
6 10 44 1251 71 98 125 -1 -1
6 11 44 781 207 116 107 -1 -1
6 15 44 1551 281 193 133 -1 -1
7 3 45 749 267 158 144 -1 -1
7 0 45 849 325 532 231 -1 -1
7 8 45 1373 307 459 168 -1 -1
8 12 38 910 252 169 155 -1 -1
8 0 38 996 677 1005 451 -1 -1
8 13 38 1098 377 567 197 -1 -1
9 13 35 416 534 343 389 -1 -1
9 2 35 1225 245 116 76 -1 -1
9 16 35 418 362 140 127 -1 -1
9 18 35 1328 308 154 90 -1 -1
9 17 35 493 306 116 105 -1 -1
9 1 35 638 278 115 105 -1 -1
9 19 35 1539 291 238 141 -1 -1
9 4 35 532 251 83 77 -1 -1
6 5 45 498 316 170 142 -1 -1
6 6 45 630 335 238 260 -1 -1
6 7 45 609 208 138 121 -1 -1
6 8 45 167 532 335 293 -1 -1
6 10 45 1249 71 101 123 -1 -1
6 11 45 780 211 117 108 -1 -1
6 15 45 1535 272 184 129 -1 -1
7 3 46 749 267 158 144 -1 -1
7 0 46 762 334 535 225 -1 -1
7 8 46 1306 308 465 169 -1 -1
8 12 39 908 251 172 157 -1 -1
8 13 39 959 370 573 201 -1 -1
9 13 36 382 565 374 430 -1 -1
9 2 36 1215 243 115 74 -1 -1
9 16 36 410 369 145 130 -1 -1
9 18 36 1317 306 151 88 -1 -1
9 17 36 488 308 121 109 -1 -1
9 1 36 640 283 117 106 -1 -1
9 19 36 1521 287 229 138 -1 -1
9 4 36 533 253 84 78 -1 -1
9 9 36 1655 364 288 177 -1 -1
6 5 46 490 321 175 145 -1 -1
6 6 46 625 342 244 269 -1 -1
6 7 46 606 211 138 121 -1 -1
6 8 46 138 552 352 308 -1 -1
6 10 46 1248 71 99 121 -1 -1
6 11 46 777 214 119 110 -1 -1
6 15 46 1516 264 177 123 -1 -1
7 3 47 749 266 158 145 -1 -1
7 0 47 676 330 535 235 -1 -1
7 8 47 1240 310 468 171 -1 -1
8 12 40 904 251 178 157 -1 -1
8 13 40 819 366 573 202 -1 -1
9 13 37 342 592 408 484 -1 -1
9 2 37 1207 241 111 72 -1 -1
9 16 37 399 376 151 134 -1 -1
9 18 37 1306 302 148 86 -1 -1
9 17 37 486 312 123 111 -1 -1
9 1 37 638 285 122 110 -1 -1
9 19 37 1501 284 225 133 -1 -1
9 4 37 532 256 86 78 -1 -1
9 9 37 1631 354 279 175 -1 -1
6 5 47 483 326 178 149 -1 -1
6 6 47 618 349 251 281 -1 -1
6 7 47 601 213 140 122 -1 -1
6 8 47 110 571 367 323 -1 -1
6 10 47 1247 72 98 118 -1 -1
6 11 47 775 217 118 112 -1 -1
6 15 47 1503 254 166 121 -1 -1
7 3 48 750 266 160 146 -1 -1
7 0 48 591 344 534 225 -1 -1
7 8 48 1171 313 469 171 -1 -1
8 12 41 904 252 177 160 -1 -1
8 13 41 681 363 570 201 -1 -1
9 2 38 1197 239 107 70 -1 -1
9 16 38 387 382 158 140 -1 -1
9 18 38 1296 299 144 84 -1 -1
9 17 38 480 316 128 115 -1 -1
9 1 38 637 288 127 113 -1 -1
9 19 38 1484 281 216 130 -1 -1
9 4 38 531 258 89 80 -1 -1
9 9 38 1608 352 270 165 -1 -1
6 5 48 473 333 182 151 -1 -1
6 6 48 610 359 260 290 -1 -1
6 7 48 597 215 142 125 -1 -1
6 8 48 79 592 383 344 -1 -1
6 10 48 1248 72 94 116 -1 -1
6 11 48 772 219 121 115 -1 -1
6 15 48 1487 247 162 117 -1 -1
7 3 49 751 267 159 144 -1 -1
7 0 49 503 344 534 229 -1 -1
7 8 49 1101 316 472 169 -1 -1
8 12 42 904 252 177 161 -1 -1
8 13 42 547 361 567 198 -1 -1
9 2 39 1188 238 104 68 -1 -1
9 16 39 375 389 163 145 -1 -1
9 18 39 1285 296 139 83 -1 -1
9 17 39 476 321 130 118 -1 -1
9 1 39 637 292 129 118 -1 -1
9 19 39 1466 278 210 126 -1 -1
9 4 39 528 261 91 82 -1 -1
9 9 39 1588 345 261 163 -1 -1
6 5 49 464 339 188 155 -1 -1
6 6 49 603 367 266 302 -1 -1
6 7 49 593 217 143 127 -1 -1
6 8 49 46 614 400 367 -1 -1
6 10 49 1247 72 94 115 -1 -1
6 11 49 769 223 122 117 -1 -1
6 15 49 1471 240 159 112 -1 -1
7 3 50 751 268 158 142 -1 -1
7 0 50 417 351 529 228 -1 -1
7 8 50 1029 317 474 173 -1 -1
8 12 43 904 252 177 162 -1 -1
8 13 43 411 355 567 199 -1 -1
9 2 40 1178 235 103 70 -1 -1
9 16 40 360 398 170 149 -1 -1
9 18 40 1274 293 136 82 -1 -1
9 17 40 467 324 137 124 -1 -1
9 1 40 635 296 133 121 -1 -1
9 19 40 1450 275 201 123 -1 -1
9 4 40 526 263 93 83 -1 -1
9 9 40 1565 341 252 156 -1 -1
6 5 50 456 347 189 158 -1 -1
6 6 50 596 378 275 313 -1 -1
6 7 50 588 220 145 127 -1 -1
6 8 50 7 644 421 382 -1 -1
6 10 50 1246 70 94 116 -1 -1
6 11 50 766 226 125 119 -1 -1
6 15 50 1459 234 153 108 -1 -1
6 20 50 781 142 88 70 -1 -1
7 3 51 749 266 160 145 -1 -1
7 0 51 331 358 526 223 -1 -1
7 8 51 956 320 477 174 -1 -1
8 12 44 905 252 174 164 -1 -1
8 13 44 281 352 553 199 -1 -1
9 2 41 1168 233 100 67 -1 -1
9 16 41 345 405 176 155 -1 -1
9 18 41 1261 291 134 79 -1 -1
9 17 41 460 328 139 128 -1 -1
9 1 41 633 299 133 125 -1 -1
9 19 41 1432 272 196 120 -1 -1
9 4 41 522 267 97 86 -1 -1
9 9 41 1545 335 243 154 -1 -1
6 5 51 446 353 194 166 -1 -1
6 6 51 587 389 286 326 -1 -1
6 7 51 583 222 148 131 -1 -1
6 8 51 -34 670 445 410 -1 -1
6 10 51 1246 71 91 114 -1 -1
6 11 51 764 229 126 122 -1 -1
6 15 51 1447 228 145 104 -1 -1
7 3 52 749 267 160 144 -1 -1
7 0 52 246 361 517 227 -1 -1
7 8 52 882 323 480 174 -1 -1
8 12 45 903 252 175 166 -1 -1
8 13 45 157 353 543 192 -1 -1
9 2 42 1157 231 100 67 -1 -1
9 16 42 326 414 185 161 -1 -1
9 18 42 1248 288 133 79 -1 -1
9 17 42 452 333 143 133 -1 -1
9 1 42 628 305 143 128 -1 -1
9 19 42 1413 270 190 117 -1 -1
9 4 42 518 269 97 89 -1 -1
9 9 42 1522 329 237 153 -1 -1
6 5 52 437 361 198 169 -1 -1
6 6 52 579 399 292 343 -1 -1
6 7 52 579 223 149 134 -1 -1
6 10 52 1246 72 89 111 -1 -1
6 11 52 761 234 127 123 -1 -1
6 15 52 1437 222 139 103 -1 -1
6 20 52 773 145 89 71 -1 -1
7 3 53 749 267 160 144 -1 -1
7 0 53 159 368 514 225 -1 -1
7 8 53 810 326 478 174 -1 -1
8 12 46 904 252 172 167 -1 -1
8 13 46 33 348 544 195 -1 -1
9 16 43 308 424 193 167 -1 -1
9 18 43 1238 285 130 77 -1 -1
9 17 43 441 337 151 137 -1 -1
9 1 43 625 310 146 131 -1 -1
9 19 43 1394 268 187 114 -1 -1
9 4 43 514 272 100 90 -1 -1
9 9 43 1501 327 231 147 -1 -1
6 5 53 426 370 203 172 -1 -1
6 6 53 570 412 302 358 -1 -1
6 7 53 573 226 151 135 -1 -1
6 10 53 1245 72 89 109 -1 -1
6 11 53 758 236 130 128 -1 -1
6 15 53 1427 217 135 99 -1 -1
6 20 53 769 136 90 85 -1 -1
7 3 54 749 266 161 145 -1 -1
7 0 54 77 373 502 226 -1 -1
7 8 54 734 328 478 178 -1 -1
8 12 47 903 251 173 169 -1 -1
8 13 47 -82 348 524 189 -1 -1
9 16 44 288 431 202 179 -1 -1
9 18 44 1227 283 126 76 -1 -1
9 17 44 432 342 155 143 -1 -1
9 1 44 621 316 150 136 -1 -1
9 19 44 1378 265 180 111 -1 -1
9 4 44 508 276 104 91 -1 -1
9 9 44 1481 324 223 141 -1 -1
9 21 44 645 232 85 73 -1 -1
6 5 54 414 379 209 178 -1 -1
6 6 54 561 425 311 376 -1 -1
6 7 54 568 228 152 137 -1 -1
6 10 54 1245 72 87 107 -1 -1
6 11 54 754 242 134 129 -1 -1
6 15 54 1415 212 131 97 -1 -1
6 20 54 764 142 90 81 -1 -1
7 0 55 -5 379 496 223 -1 -1
7 8 55 658 333 478 175 -1 -1
8 12 48 900 252 176 169 -1 -1
8 13 48 4 327 328 134 -1 -1
9 16 45 267 445 211 184 -1 -1
9 18 45 1217 280 124 74 -1 -1
9 17 45 423 347 160 149 -1 -1
9 1 45 617 320 157 142 -1 -1
9 19 45 1362 263 175 108 -1 -1
9 4 45 505 279 106 95 -1 -1
9 9 45 1463 318 216 139 -1 -1
9 21 45 647 234 86 74 -1 -1
6 5 55 402 386 214 185 -1 -1
6 6 55 547 437 326 397 -1 -1
6 7 55 564 232 154 139 -1 -1
6 10 55 1245 73 85 106 -1 -1
6 11 55 750 245 137 131 -1 -1
6 15 55 1406 208 126 93 -1 -1
6 20 55 759 135 91 91 -1 -1
7 3 56 749 270 160 129 -1 -1
7 8 56 582 338 478 174 -1 -1
7 6 56 1371 293 632 249 -1 -1
8 12 49 898 256 178 165 -1 -1
9 16 46 242 455 224 193 -1 -1
9 18 46 1207 277 122 73 -1 -1
9 17 46 414 354 164 153 -1 -1
9 19 46 1348 261 169 106 -1 -1
9 4 46 500 282 109 97 -1 -1
9 9 46 1447 315 207 135 -1 -1
9 21 46 650 236 88 75 -1 -1
6 5 56 389 396 221 191 -1 -1
6 6 56 535 454 341 416 -1 -1
6 7 56 557 231 158 146 -1 -1
6 10 56 1245 72 83 107 -1 -1
6 11 56 746 250 139 134 -1 -1
6 15 56 1397 202 124 92 -1 -1
6 20 56 755 143 91 85 -1 -1
7 3 57 749 268 160 140 -1 -1
7 8 57 506 342 477 175 -1 -1
7 6 57 1285 292 643 253 -1 -1
8 12 50 898 257 178 166 -1 -1
9 16 47 218 468 235 202 -1 -1
9 18 47 1200 277 117 70 -1 -1
9 17 47 403 359 173 160 -1 -1
9 1 47 607 331 170 153 -1 -1
9 19 47 1336 258 163 103 -1 -1
9 4 47 496 286 113 101 -1 -1
9 9 47 1432 313 199 130 -1 -1
9 21 47 653 237 89 77 -1 -1
6 5 57 376 408 226 196 -1 -1
6 6 57 520 470 356 440 -1 -1
6 7 57 551 235 161 148 -1 -1
6 10 57 1244 72 83 106 -1 -1
6 11 57 743 254 141 137 -1 -1
6 15 57 1388 199 120 88 -1 -1
6 20 57 749 143 94 89 -1 -1
6 13 57 1676 365 257 171 -1 -1
7 3 58 749 268 159 142 -1 -1
7 8 58 432 344 472 176 -1 -1
7 6 58 1199 292 652 258 -1 -1
8 12 51 898 255 177 169 -1 -1
9 16 48 195 482 245 211 -1 -1
9 18 48 1193 273 113 71 -1 -1
9 17 48 394 365 178 166 -1 -1
9 1 48 604 338 176 157 -1 -1
9 19 48 1324 255 159 101 -1 -1
9 4 48 494 289 114 106 -1 -1
9 9 48 1415 310 195 127 -1 -1
9 21 48 658 239 92 78 -1 -1
6 5 58 360 418 235 203 -1 -1
6 6 58 508 487 371 470 -1 -1
6 7 58 546 239 162 148 -1 -1
6 10 58 1241 71 85 106 -1 -1
6 11 58 738 259 145 142 -1 -1
6 15 58 1380 193 116 89 -1 -1
6 20 58 745 154 95 78 -1 -1
6 13 58 1649 350 244 166 -1 -1
7 3 59 749 268 158 143 -1 -1
7 8 59 356 349 471 177 -1 -1
7 6 59 1112 294 660 261 -1 -1
8 12 52 897 255 178 170 -1 -1
9 16 49 164 492 260 229 -1 -1
9 18 49 1185 271 112 69 -1 -1
9 17 49 384 370 182 173 -1 -1
9 1 49 600 344 184 164 -1 -1
9 19 49 1310 253 155 99 -1 -1
9 4 49 487 293 122 108 -1 -1
9 9 49 1399 305 192 125 -1 -1
9 21 49 662 241 94 79 -1 -1
6 5 59 345 430 242 211 -1 -1
6 6 59 490 504 391 503 -1 -1
6 7 59 541 244 163 148 -1 -1
6 10 59 1240 71 85 106 -1 -1
6 11 59 734 263 148 145 -1 -1
6 15 59 1373 191 113 84 -1 -1
6 20 59 740 157 96 80 -1 -1
6 13 59 1626 336 230 157 -1 -1
7 3 60 749 267 158 144 -1 -1
7 8 60 284 352 463 178 -1 -1
7 6 60 1021 295 664 264 -1 -1
8 12 53 896 256 179 169 -1 -1
8 16 53 1563 367 395 157 -1 -1
9 16 50 132 511 277 238 -1 -1
9 18 50 1179 269 109 66 -1 -1
9 17 50 373 377 190 179 -1 -1
9 1 50 596 352 190 170 -1 -1
9 19 50 1301 251 148 97 -1 -1
9 4 50 485 297 124 110 -1 -1
9 9 50 1386 303 184 120 -1 -1
9 21 50 666 242 97 80 -1 -1
6 5 60 330 443 250 218 -1 -1
6 6 60 473 527 412 538 -1 -1
6 7 60 535 247 166 151 -1 -1
6 10 60 1239 71 85 105 -1 -1
6 11 60 728 269 152 148 -1 -1
6 15 60 1366 186 110 83 -1 -1
6 20 60 735 157 97 82 -1 -1
6 13 60 1603 325 219 151 -1 -1
7 3 61 749 269 160 142 -1 -1
7 8 61 211 357 460 178 -1 -1
7 6 61 931 297 666 268 -1 -1
8 12 54 894 256 181 170 -1 -1
8 16 54 1464 363 405 157 -1 -1
9 16 51 98 529 293 253 -1 -1
9 18 51 1170 267 109 65 -1 -1
9 17 51 360 384 197 187 -1 -1
9 1 51 589 358 199 179 -1 -1
9 19 51 1287 250 146 93 -1 -1
9 4 51 479 300 130 113 -1 -1
9 9 51 1371 300 180 118 -1 -1
9 21 51 670 243 99 83 -1 -1
9 0 51 1665 372 279 164 -1 -1
6 5 61 313 456 257 229 -1 -1
6 6 61 451 553 434 572 -1 -1
6 7 61 527 251 170 154 -1 -1
6 10 61 1235 71 89 103 -1 -1
6 11 61 723 274 158 154 -1 -1
6 15 61 1360 184 105 79 -1 -1
6 20 61 731 160 97 81 -1 -1
6 13 61 1583 312 207 145 -1 -1
7 3 62 749 269 160 142 -1 -1
7 8 62 137 363 456 177 -1 -1
7 6 62 834 300 673 270 -1 -1
8 12 55 895 257 180 171 -1 -1
8 16 55 1365 359 409 159 -1 -1
9 16 52 58 546 311 272 -1 -1
9 18 52 1161 265 107 64 -1 -1
9 17 52 344 391 208 196 -1 -1
9 1 52 582 367 206 185 -1 -1
9 19 52 1274 248 143 90 -1 -1
9 4 52 476 303 130 119 -1 -1
9 9 52 1358 296 174 116 -1 -1
9 21 52 675 245 99 84 -1 -1
9 0 52 1638 366 270 159 -1 -1
6 5 62 291 472 271 238 -1 -1
6 7 62 522 254 173 157 -1 -1
6 10 62 1233 71 89 103 -1 -1
6 11 62 720 280 161 157 -1 -1
6 15 62 1354 180 103 79 -1 -1
6 20 62 730 162 93 83 -1 -1
6 13 62 1564 302 198 139 -1 -1
7 3 63 749 269 160 142 -1 -1
7 8 63 68 368 447 175 -1 -1
7 6 63 740 303 675 273 -1 -1
8 12 56 894 257 181 171 -1 -1
8 16 56 1262 352 417 164 -1 -1
9 16 53 10 569 334 290 -1 -1
9 18 53 1154 262 105 64 -1 -1
9 17 53 328 400 215 203 -1 -1
9 1 53 574 376 214 194 -1 -1
9 19 53 1264 244 136 91 -1 -1
9 4 53 468 308 136 121 -1 -1
9 9 53 1343 293 170 112 -1 -1
9 21 53 677 246 103 86 -1 -1
9 0 53 1616 359 258 154 -1 -1
6 5 63 273 487 280 250 -1 -1
6 7 63 515 259 175 159 -1 -1
6 10 63 1234 70 87 104 -1 -1
6 11 63 714 287 166 160 -1 -1
6 15 63 1349 178 100 76 -1 -1
6 20 63 723 164 97 84 -1 -1
6 13 63 1546 292 189 134 -1 -1
6 14 63 1720 314 201 121 -1 -1
7 8 64 -2 371 442 178 -1 -1
7 6 64 646 306 673 276 -1 -1
7 22 64 1509 310 467 161 -1 -1
8 12 57 892 257 184 172 -1 -1
8 16 57 1161 352 418 160 -1 -1
9 16 54 -42 594 361 310 -1 -1
9 18 54 1145 260 102 63 -1 -1
9 17 54 306 410 230 212 -1 -1
9 1 54 562 384 226 206 -1 -1
9 19 54 1251 244 134 87 -1 -1
9 4 54 460 314 140 124 -1 -1
9 9 54 1330 289 165 112 -1 -1
9 21 54 681 248 105 88 -1 -1
9 0 54 1592 353 246 149 -1 -1
6 5 64 250 502 293 263 -1 -1
6 7 64 508 262 178 161 -1 -1
6 10 64 1234 70 86 104 -1 -1
6 11 64 710 293 168 164 -1 -1
6 15 64 1343 175 98 74 -1 -1
6 20 64 718 164 100 88 -1 -1
6 13 64 1529 283 180 130 -1 -1
6 14 64 1699 305 195 117 -1 -1
7 6 65 549 311 675 276 -1 -1
7 22 65 1437 312 474 162 -1 -1
8 12 58 890 257 187 173 -1 -1
8 16 58 1060 339 420 173 -1 -1
9 17 55 288 418 238 224 -1 -1
9 1 55 552 395 235 215 -1 -1
9 19 55 1240 242 130 85 -1 -1
9 4 55 450 317 146 131 -1 -1
9 9 55 1317 285 159 112 -1 -1
9 21 55 683 251 106 88 -1 -1
9 0 55 1567 347 243 146 -1 -1
6 5 65 225 521 307 278 -1 -1
6 7 65 499 264 185 169 -1 -1
6 10 65 1235 70 84 103 -1 -1
6 11 65 706 299 170 170 -1 -1
6 15 65 1337 172 97 73 -1 -1
6 20 65 713 167 101 88 -1 -1
6 13 65 1512 274 175 125 -1 -1
6 14 65 1680 296 189 114 -1 -1
7 3 66 749 271 160 124 -1 -1
7 6 66 454 317 669 274 -1 -1
7 22 66 1361 313 478 167 -1 -1
8 12 59 889 257 187 174 -1 -1
8 16 59 954 348 423 157 -1 -1
9 17 56 264 425 253 239 -1 -1
9 1 56 537 406 247 227 -1 -1
9 4 56 442 323 150 135 -1 -1
9 9 56 1301 283 157 108 -1 -1
9 21 56 686 253 108 88 -1 -1
9 0 56 1544 341 234 143 -1 -1
6 5 66 200 541 319 293 -1 -1
6 7 66 492 269 187 171 -1 -1
6 10 66 1235 70 83 102 -1 -1
6 11 66 700 306 175 176 -1 -1
6 15 66 1334 169 93 71 -1 -1
6 20 66 707 168 103 91 -1 -1
6 13 66 1499 267 166 120 -1 -1
6 14 66 1661 288 180 109 -1 -1
7 3 67 749 271 161 125 -1 -1
7 6 67 355 325 669 271 -1 -1
7 22 67 1283 317 483 166 -1 -1
8 16 60 850 344 423 160 -1 -1
9 17 57 240 440 265 246 -1 -1
9 1 57 524 417 259 242 -1 -1
9 19 57 1217 240 123 81 -1 -1
9 4 57 432 327 154 140 -1 -1
9 9 57 1287 281 155 105 -1 -1
9 21 57 686 253 112 94 -1 -1
9 0 57 1522 337 225 138 -1 -1
6 5 67 170 562 338 313 -1 -1
6 7 67 484 274 189 175 -1 -1
6 10 67 1235 72 83 99 -1 -1
6 11 67 693 315 181 180 -1 -1
6 15 67 1328 168 92 69 -1 -1
6 20 67 701 171 106 91 -1 -1
6 13 67 1484 259 159 116 -1 -1
6 14 67 1644 281 175 105 -1 -1
7 3 68 749 268 160 142 -1 -1
7 6 68 262 327 660 277 -1 -1
7 22 68 1203 318 489 167 -1 -1
8 12 61 891 267 183 133 -1 -1
8 16 61 747 342 423 159 -1 -1
9 17 58 213 451 281 260 -1 -1
9 1 58 507 429 272 259 -1 -1
9 19 58 1205 237 122 80 -1 -1
9 4 58 421 333 160 145 -1 -1
9 9 58 1275 278 151 103 -1 -1
9 21 58 692 256 111 94 -1 -1
9 0 58 1501 333 219 134 -1 -1
6 5 68 138 586 359 329 -1 -1
6 7 68 474 280 194 178 -1 -1
6 11 68 687 320 187 191 -1 -1
6 15 68 1325 164 88 70 -1 -1
6 20 68 696 173 105 94 -1 -1
6 13 68 1471 251 153 113 -1 -1
6 14 68 1627 272 171 104 -1 -1
7 3 69 749 268 160 143 -1 -1
7 6 69 166 332 654 277 -1 -1
7 22 69 1121 323 493 166 -1 -1
8 12 62 891 260 181 170 -1 -1
8 16 62 642 337 423 161 -1 -1
9 17 59 185 462 296 277 -1 -1
9 1 59 489 444 291 274 -1 -1
9 19 59 1195 234 118 80 -1 -1
9 4 59 409 339 169 151 -1 -1
9 9 59 1264 279 147 97 -1 -1
9 21 59 693 257 115 96 -1 -1
9 0 59 1480 329 213 130 -1 -1
6 5 69 102 613 379 355 -1 -1
6 7 69 467 285 197 180 -1 -1
6 11 69 681 331 191 195 -1 -1
6 20 69 689 174 109 95 -1 -1
6 13 69 1459 246 147 108 -1 -1
6 14 69 1613 266 162 100 -1 -1
7 3 70 750 267 157 144 -1 -1
7 6 70 72 339 643 276 -1 -1
7 22 70 1039 324 498 169 -1 -1
8 12 63 888 260 185 174 -1 -1
8 16 63 540 334 421 160 -1 -1
8 17 63 1562 357 412 207 -1 -1
9 17 60 155 477 314 292 -1 -1
9 1 60 470 460 308 293 -1 -1
9 19 60 1186 232 114 78 -1 -1
9 4 60 400 343 172 160 -1 -1
9 9 60 1254 276 143 95 -1 -1
9 21 60 699 259 115 97 -1 -1
9 0 60 1463 325 204 126 -1 -1
6 5 70 66 641 400 379 -1 -1
6 7 70 456 289 202 187 -1 -1
6 11 70 672 341 199 202 -1 -1
6 20 70 685 177 108 98 -1 -1
6 13 70 1449 238 142 107 -1 -1
6 14 70 1599 259 157 97 -1 -1
6 10 70 1235 71 81 97 -1 -1
7 3 71 750 267 157 144 -1 -1
7 6 71 -21 346 639 273 -1 -1
7 22 71 955 326 498 170 -1 -1
8 12 64 887 261 186 172 -1 -1
8 16 64 442 333 417 159 -1 -1
8 17 64 1424 352 454 157 -1 -1
9 17 61 120 485 335 317 -1 -1
9 1 61 448 477 328 316 -1 -1
9 19 61 1178 230 112 77 -1 -1
9 4 61 386 350 181 166 -1 -1
9 9 61 1244 271 138 97 -1 -1
9 21 61 703 261 117 99 -1 -1
9 0 61 1449 321 193 122 -1 -1
6 5 71 24 673 425 409 -1 -1
6 7 71 447 294 206 191 -1 -1
6 11 71 664 350 206 209 -1 -1
6 20 71 679 180 112 99 -1 -1
6 13 71 1438 233 136 103 -1 -1
6 14 71 1585 254 153 94 -1 -1
6 10 71 1235 72 78 96 -1 -1
7 3 72 750 267 157 144 -1 -1
7 22 72 869 328 499 173 -1 -1
8 12 65 885 261 188 174 -1 -1
8 16 65 344 330 411 160 -1 -1
8 17 65 1288 355 627 230 -1 -1
9 17 62 80 507 361 331 -1 -1
9 1 62 423 496 351 344 -1 -1
9 4 62 374 358 188 170 -1 -1
9 9 62 1236 272 134 91 -1 -1
9 21 62 708 263 118 99 -1 -1
9 0 62 1434 318 189 118 -1 -1
6 7 72 437 293 211 205 -1 -1
6 11 72 657 360 214 217 -1 -1
6 20 72 673 184 112 99 -1 -1
6 13 72 1427 226 133 101 -1 -1
6 14 72 1573 248 147 92 -1 -1
7 3 73 751 267 157 144 -1 -1
7 22 73 783 331 499 175 -1 -1
8 12 66 886 260 186 174 -1 -1
8 16 66 248 329 408 156 -1 -1
8 17 66 1156 356 636 225 -1 -1
9 17 63 40 525 383 355 -1 -1
9 1 63 394 519 377 371 -1 -1
9 19 63 1161 227 109 73 -1 -1
9 4 63 358 364 203 179 -1 -1
9 9 63 1227 272 133 87 -1 -1
9 21 63 713 263 120 103 -1 -1
9 0 63 1416 315 184 114 -1 -1
6 7 73 425 305 217 204 -1 -1
6 11 73 649 371 219 227 -1 -1
6 20 73 667 185 115 103 -1 -1
6 13 73 1418 223 128 97 -1 -1
6 14 73 1561 242 144 90 -1 -1
7 3 74 750 267 160 144 -1 -1
7 22 74 698 336 496 177 -1 -1
8 12 67 887 260 186 174 -1 -1
8 16 67 155 328 402 154 -1 -1
8 17 67 1018 353 648 225 -1 -1
9 17 64 -6 543 412 385 -1 -1
9 1 64 360 544 408 407 -1 -1
9 19 64 1153 225 106 71 -1 -1
9 4 64 345 372 207 185 -1 -1
9 9 64 1218 267 130 88 -1 -1
9 21 64 717 265 121 106 -1 -1
9 0 64 1399 309 181 113 -1 -1
6 7 74 415 314 221 207 -1 -1
6 11 74 639 383 226 236 -1 -1
6 20 74 661 188 118 105 -1 -1
6 13 74 1408 217 125 95 -1 -1
6 14 74 1548 238 139 87 -1 -1
7 3 75 750 268 160 142 -1 -1
7 22 75 611 342 495 174 -1 -1
8 12 68 887 260 186 174 -1 -1
8 16 68 67 325 394 155 -1 -1
8 17 68 885 348 648 226 -1 -1
9 17 65 -63 564 448 416 -1 -1
9 1 65 319 577 443 441 -1 -1
9 4 65 329 379 215 196 -1 -1
9 9 65 1210 266 127 84 -1 -1
9 21 65 720 267 124 106 -1 -1
9 0 65 1385 306 175 110 -1 -1
9 8 65 1717 352 225 99 -1 -1
6 7 75 403 321 227 214 -1 -1
6 11 75 631 396 233 248 -1 -1
6 20 75 656 189 118 109 -1 -1
6 13 75 1399 214 122 92 -1 -1
6 14 75 1537 232 135 85 -1 -1
7 3 76 749 268 160 138 -1 -1
7 22 76 526 346 492 174 -1 -1
8 12 69 887 262 186 169 -1 -1
8 16 69 -18 324 385 153 -1 -1
8 17 69 1051 332 331 167 -1 -1
9 1 66 269 610 489 495 -1 -1
9 19 66 1139 223 99 68 -1 -1
9 4 66 309 388 227 205 -1 -1
9 9 66 1201 265 124 82 -1 -1
9 21 66 723 269 126 108 -1 -1
9 0 66 1367 305 173 106 -1 -1
9 8 66 1694 349 217 87 -1 -1
6 7 76 390 327 236 220 -1 -1
6 11 76 619 409 242 260 -1 -1
6 20 76 649 192 122 111 -1 -1
6 13 76 1392 208 117 91 -1 -1
6 14 76 1529 228 130 82 -1 -1
7 3 77 751 268 157 142 -1 -1
7 22 77 439 351 492 174 -1 -1
8 12 70 890 264 184 153 -1 -1
8 24 70 617 341 640 225 -1 -1
9 19 67 1129 222 98 66 -1 -1
9 4 67 288 396 238 215 -1 -1
9 9 67 1192 263 121 80 -1 -1
9 21 67 725 271 127 108 -1 -1
9 0 67 1354 301 166 104 -1 -1
9 6 67 1624 353 333 195 -1 -1
6 7 77 377 336 240 226 -1 -1
6 11 77 609 425 251 271 -1 -1
6 20 77 642 194 127 113 -1 -1
6 13 77 1384 205 113 88 -1 -1
6 14 77 1518 224 126 80 -1 -1
7 3 78 749 268 160 143 -1 -1
7 22 78 353 354 489 176 -1 -1
8 12 71 889 270 187 119 -1 -1
8 24 71 489 337 630 225 -1 -1
9 4 68 265 408 248 224 -1 -1
9 9 68 1182 260 118 80 -1 -1
9 21 68 728 273 129 110 -1 -1
9 0 68 1339 299 162 100 -1 -1
9 6 68 1593 345 324 190 -1 -1
6 7 78 364 343 244 233 -1 -1
6 11 78 598 440 262 287 -1 -1
6 20 78 634 196 136 119 -1 -1
6 13 78 1377 202 112 84 -1 -1
6 14 78 1510 219 124 79 -1 -1
7 3 79 750 267 160 144 -1 -1
7 22 79 269 359 483 178 -1 -1
8 24 72 358 332 631 227 -1 -1
9 4 69 240 414 263 239 -1 -1
9 9 69 1172 258 116 79 -1 -1
9 21 69 730 275 129 112 -1 -1
9 0 69 1324 296 157 97 -1 -1
9 6 69 1572 338 307 186 -1 -1
6 7 79 346 353 256 239 -1 -1
6 11 79 581 459 278 302 -1 -1
6 20 79 627 198 139 122 -1 -1
6 13 79 1370 199 108 82 -1 -1
6 14 79 1501 215 120 79 -1 -1
7 3 80 750 267 160 144 -1 -1
7 22 80 185 366 481 177 -1 -1
8 12 73 889 261 187 172 -1 -1
8 24 73 230 333 632 220 -1 -1
9 4 70 214 414 278 268 -1 -1
9 9 70 1164 258 112 76 -1 -1
9 21 70 732 276 131 114 -1 -1
9 0 70 1311 292 153 97 -1 -1
9 6 70 1548 334 297 177 -1 -1
6 7 80 332 362 261 250 -1 -1
6 11 80 569 477 289 325 -1 -1
6 20 80 622 204 132 121 -1 -1
6 13 80 1364 194 104 82 -1 -1
6 14 80 1492 210 116 77 -1 -1
6 16 80 571 197 115 80 -1 -1
7 3 81 750 267 160 144 -1 -1
7 22 81 101 372 475 174 -1 -1
7 11 81 1444 314 539 215 -1 -1
8 12 74 889 261 186 172 -1 -1
8 24 74 108 330 625 220 -1 -1
8 11 74 -151 620 1027 460 -1 -1
9 4 71 186 439 292 264 -1 -1
9 9 71 1154 256 112 76 -1 -1
9 21 71 734 278 132 116 -1 -1
9 0 71 1298 289 148 95 -1 -1
9 6 71 1523 333 288 166 -1 -1
6 7 81 314 374 272 256 -1 -1
6 11 81 554 499 304 341 -1 -1
6 20 81 616 209 133 123 -1 -1
6 13 81 1356 191 104 79 -1 -1
6 14 81 1484 208 113 75 -1 -1
6 16 81 562 201 118 82 -1 -1
7 3 82 750 267 160 144 -1 -1
7 22 82 21 377 466 175 -1 -1
7 11 82 1344 315 549 221 -1 -1
8 12 75 886 261 188 172 -1 -1
8 17 75 335 313 469 190 -1 -1
8 24 75 -6 328 613 219 -1 -1
8 11 75 22 625 1050 465 -1 -1
9 4 72 155 452 310 280 -1 -1
9 9 72 1147 254 109 74 -1 -1
9 21 72 736 281 134 118 -1 -1
9 0 72 1285 287 145 94 -1 -1
9 6 72 1504 327 274 163 -1 -1
6 7 82 296 381 278 272 -1 -1
6 11 82 537 524 322 364 -1 -1
6 20 82 609 213 136 124 -1 -1
6 13 82 1350 190 101 75 -1 -1
6 14 82 1478 204 109 73 -1 -1
6 16 82 551 204 124 83 -1 -1
7 3 83 750 267 160 144 -1 -1
7 22 83 -57 384 459 174 -1 -1
7 11 83 1237 315 564 227 -1 -1
8 12 76 887 261 186 172 -1 -1
8 17 76 241 310 466 192 -1 -1
8 11 76 205 628 1075 471 -1 -1
9 4 73 118 467 331 298 -1 -1
9 9 73 1138 251 107 73 -1 -1
9 21 73 739 282 137 121 -1 -1
9 0 73 1274 285 141 90 -1 -1
9 6 73 1483 325 267 154 -1 -1
9 23 73 456 285 92 70 -1 -1
6 7 83 276 395 289 279 -1 -1
6 11 83 518 549 338 391 -1 -1
6 20 83 600 216 139 128 -1 -1
6 13 83 1346 185 96 76 -1 -1
6 14 83 1469 200 110 73 -1 -1
6 16 83 543 208 123 85 -1 -1
7 3 84 750 267 160 144 -1 -1
7 11 84 1134 317 564 231 -1 -1
8 12 77 887 261 185 172 -1 -1
8 17 77 154 310 456 190 -1 -1
8 11 77 405 636 1078 468 -1 -1
8 4 77 1431 342 486 187 -1 -1
9 4 74 82 482 353 313 -1 -1
9 9 74 1133 248 106 74 -1 -1
9 21 74 742 285 139 121 -1 -1
9 0 74 1262 282 139 88 -1 -1
9 6 74 1465 320 255 150 -1 -1
9 23 74 448 287 98 71 -1 -1
6 7 84 257 404 299 293 -1 -1
6 11 84 498 578 361 424 -1 -1
6 20 84 594 219 142 133 -1 -1
6 13 84 1339 182 95 74 -1 -1
6 14 84 1464 197 105 71 -1 -1
6 16 84 533 211 125 86 -1 -1
7 3 85 749 267 160 144 -1 -1
7 11 85 1026 318 567 235 -1 -1
8 12 78 887 262 185 171 -1 -1
8 17 78 61 307 456 190 -1 -1
8 11 78 609 644 1075 459 -1 -1
8 4 78 1326 339 492 187 -1 -1
9 4 75 37 479 383 359 -1 -1
9 9 75 1126 249 104 70 -1 -1
9 21 75 746 287 139 124 -1 -1
9 0 75 1253 279 135 88 -1 -1
9 6 75 1448 314 244 149 -1 -1
9 23 75 443 289 99 74 -1 -1
6 7 85 234 418 311 307 -1 -1
6 11 85 477 607 380 463 -1 -1
6 20 85 584 224 146 135 -1 -1
6 13 85 1335 179 94 73 -1 -1
6 14 85 1456 195 104 69 -1 -1
6 16 85 522 216 130 88 -1 -1
6 2 85 1748 325 184 98 -1 -1
7 3 86 749 267 160 144 -1 -1
7 11 86 918 326 570 231 -1 -1
8 12 79 887 262 185 171 -1 -1
8 17 79 -27 306 453 189 -1 -1
8 11 79 819 645 1059 457 -1 -1
8 4 79 1221 334 495 191 -1 -1
9 4 76 -8 515 409 367 -1 -1
9 9 76 1120 246 102 71 -1 -1
9 21 76 749 289 142 126 -1 -1
9 0 76 1242 277 133 85 -1 -1
9 6 76 1431 313 235 139 -1 -1
9 23 76 438 293 100 75 -1 -1
6 7 86 208 432 328 322 -1 -1
6 11 86 452 640 407 512 -1 -1
6 20 86 577 227 149 139 -1 -1
6 13 86 1330 178 91 70 -1 -1
6 14 86 1449 192 103 67 -1 -1
6 16 86 512 219 132 91 -1 -1
6 2 86 1727 316 180 98 -1 -1
7 3 87 749 267 160 144 -1 -1
7 11 87 806 327 573 238 -1 -1
7 7 87 1485 276 503 198 -1 -1
8 12 80 887 262 185 171 -1 -1
8 11 80 1029 655 1032 447 -1 -1
8 4 80 1114 330 499 192 -1 -1
9 4 77 -62 535 443 395 -1 -1
9 9 77 1113 245 103 67 -1 -1
9 21 77 753 290 145 128 -1 -1
9 0 77 1233 274 130 83 -1 -1
9 6 77 1414 308 228 137 -1 -1
9 23 77 432 296 102 76 -1 -1
6 7 87 184 447 337 340 -1 -1
6 20 87 568 232 152 142 -1 -1
6 14 87 1444 188 100 67 -1 -1
6 16 87 503 222 132 94 -1 -1
6 22 87 1648 337 285 189 -1 -1
7 3 88 749 266 160 145 -1 -1
7 11 88 696 333 571 238 -1 -1
7 7 88 1408 278 513 199 -1 -1
8 12 81 886 262 188 172 -1 -1
8 4 81 1007 326 502 193 -1 -1
9 9 78 1108 243 99 65 -1 -1
9 21 78 755 292 148 131 -1 -1
9 0 78 1222 272 127 82 -1 -1
9 6 78 1396 303 225 134 -1 -1
9 23 78 426 300 103 76 -1 -1
6 7 88 154 461 356 362 -1 -1
6 20 88 558 236 158 146 -1 -1
6 14 88 1439 187 98 64 -1 -1
6 16 88 493 225 133 97 -1 -1
6 22 88 1625 324 270 181 -1 -1
7 3 89 749 267 160 144 -1 -1
7 11 89 586 341 568 235 -1 -1
7 7 89 1332 281 516 198 -1 -1
8 12 82 888 262 189 168 -1 -1
8 4 82 902 323 504 193 -1 -1
8 5 82 336 232 247 96 -1 -1
9 9 79 1101 240 97 67 -1 -1
9 21 79 759 293 148 134 -1 -1
9 0 79 1213 270 123 80 -1 -1
9 6 79 1380 301 217 127 -1 -1
9 23 79 420 304 105 76 -1 -1
6 7 89 124 480 373 377 -1 -1
6 20 89 551 241 160 151 -1 -1
6 16 89 482 230 139 97 -1 -1
6 22 89 1604 312 258 174 -1 -1
7 3 90 749 268 160 142 -1 -1
7 11 90 478 354 564 226 -1 -1
7 7 90 1250 282 526 202 -1 -1
8 4 83 795 319 502 195 -1 -1
8 5 83 354 232 244 93 -1 -1
9 21 80 761 295 150 137 -1 -1
9 0 80 1202 267 121 79 -1 -1
9 6 80 1363 298 214 124 -1 -1
9 23 80 410 305 112 80 -1 -1
6 7 90 91 499 391 404 -1 -1
6 20 90 543 247 164 153 -1 -1
6 16 90 472 235 141 100 -1 -1
6 22 90 1582 301 249 167 -1 -1
7 3 91 749 269 159 142 -1 -1
7 11 91 368 350 564 238 -1 -1
7 7 91 1169 282 529 208 -1 -1
8 12 84 891 273 184 103 -1 -1
8 4 84 691 320 499 190 -1 -1
8 10 84 -5 836 1412 285 -1 -1
8 5 84 368 231 245 94 -1 -1
9 21 81 762 297 152 139 -1 -1
9 0 81 1191 264 119 79 -1 -1
9 6 81 1347 293 204 125 -1 -1
9 23 81 404 308 108 82 -1 -1
6 7 91 55 518 412 431 -1 -1
6 20 91 531 252 169 157 -1 -1
6 16 91 462 238 143 102 -1 -1
6 22 91 1565 291 234 161 -1 -1
7 3 92 749 269 158 142 -1 -1
7 11 92 260 358 559 235 -1 -1
7 7 92 1085 285 535 207 -1 -1
8 4 85 586 316 501 191 -1 -1
8 5 85 384 232 245 94 -1 -1
9 21 82 762 299 157 141 -1 -1
9 0 82 1180 262 116 77 -1 -1
9 6 82 1331 289 198 124 -1 -1
9 23 82 397 311 109 83 -1 -1
9 26 82 1693 355 234 121 -1 -1
6 7 92 14 545 436 451 -1 -1
6 20 92 520 257 175 163 -1 -1
6 16 92 450 242 148 104 -1 -1
6 22 92 1548 281 225 155 -1 -1
6 24 92 859 153 86 71 -1 -1
7 3 93 749 269 160 143 -1 -1
7 11 93 157 367 550 232 -1 -1
7 7 93 1000 287 540 209 -1 -1
8 12 86 888 262 187 172 -1 -1
8 4 86 483 312 504 192 -1 -1
8 5 86 401 231 241 95 -1 -1
9 21 83 762 304 160 141 -1 -1
9 0 83 1170 261 113 76 -1 -1
9 6 83 1316 286 192 120 -1 -1
9 23 83 389 315 112 84 -1 -1
9 26 83 1669 350 225 117 -1 -1
6 7 93 -28 567 461 493 -1 -1
6 20 93 512 262 178 169 -1 -1
6 16 93 438 246 151 107 -1 -1
6 22 93 1531 272 216 151 -1 -1
6 24 93 857 154 85 73 -1 -1
7 3 94 749 269 160 144 -1 -1
7 11 94 54 369 544 236 -1 -1
7 7 94 916 290 538 210 -1 -1
8 12 87 887 262 188 171 -1 -1
8 4 87 380 309 502 192 -1 -1
8 5 87 408 230 251 97 -1 -1
9 21 84 764 306 162 145 -1 -1
9 0 84 1161 260 112 73 -1 -1
9 6 84 1302 285 186 114 -1 -1
9 23 84 380 320 115 85 -1 -1
9 26 84 1645 345 216 114 -1 -1
6 20 94 499 270 185 171 -1 -1
6 16 94 427 252 155 108 -1 -1
6 22 94 1515 263 207 145 -1 -1
6 24 94 854 156 85 74 -1 -1
7 3 95 750 269 157 144 -1 -1
7 11 95 -42 378 529 234 -1 -1
7 7 95 830 291 540 215 -1 -1
8 12 88 886 262 188 171 -1 -1
8 4 88 284 309 495 190 -1 -1
8 5 88 424 229 246 97 -1 -1
9 21 85 765 308 163 148 -1 -1
9 0 85 1151 260 110 70 -1 -1
9 6 85 1288 281 180 113 -1 -1
9 23 85 373 322 117 88 -1 -1
9 26 85 1622 339 210 111 -1 -1
6 20 95 489 276 187 176 -1 -1
6 16 95 415 257 158 110 -1 -1
6 22 95 1500 256 198 140 -1 -1
6 24 95 851 159 86 76 -1 -1
6 17 95 1725 315 211 139 -1 -1
7 7 96 741 293 544 218 -1 -1
8 12 89 887 262 186 171 -1 -1
8 4 89 189 307 490 190 -1 -1
8 5 89 438 231 245 96 -1 -1
9 21 86 767 310 166 150 -1 -1
9 0 86 1143 257 108 70 -1 -1
9 6 86 1275 278 178 112 -1 -1
9 23 86 367 327 118 88 -1 -1
9 26 86 1602 334 198 108 -1 -1
6 20 96 475 283 197 182 -1 -1
6 16 96 403 261 161 113 -1 -1
6 22 96 1488 249 189 136 -1 -1
6 25 96 776 140 88 70 -1 -1
6 24 96 847 162 88 76 -1 -1
6 17 96 1705 305 207 137 -1 -1
7 7 97 652 299 544 216 -1 -1
8 12 90 887 262 185 171 -1 -1
8 4 90 95 306 486 189 -1 -1
8 5 90 452 230 245 97 -1 -1
9 21 87 768 313 170 151 -1 -1
9 0 87 1136 255 105 68 -1 -1
9 6 87 1264 276 172 109 -1 -1
9 23 87 360 328 122 91 -1 -1
9 8 87 1372 280 104 76 -1 -1
9 26 87 1578 330 198 105 -1 -1
6 20 97 464 290 203 187 -1 -1
6 16 97 391 266 163 115 -1 -1
6 22 97 1474 241 184 133 -1 -1
6 25 97 772 142 89 70 -1 -1
6 24 97 844 163 89 79 -1 -1
6 17 97 1688 297 198 133 -1 -1
7 7 98 564 302 543 218 -1 -1
8 12 91 887 262 185 171 -1 -1
8 4 91 9 306 477 184 -1 -1
8 5 91 464 228 244 101 -1 -1
9 21 88 772 316 172 153 -1 -1
9 0 88 1128 253 103 68 -1 -1
9 6 88 1253 274 167 105 -1 -1
9 23 88 355 332 123 93 -1 -1
9 8 88 1359 277 106 73 -1 -1
9 26 88 1562 324 189 103 -1 -1
6 20 98 451 293 207 200 -1 -1
6 16 98 379 272 167 117 -1 -1
6 22 98 1462 236 177 127 -1 -1
6 25 98 769 143 87 71 -1 -1
6 24 98 840 165 91 83 -1 -1
6 17 98 1671 290 193 129 -1 -1
7 3 99 751 278 151 85 -1 -1
7 7 99 477 312 540 211 -1 -1
8 12 92 887 262 185 171 -1 -1
8 5 92 476 227 244 102 -1 -1
9 21 89 774 318 175 155 -1 -1
9 0 89 1120 251 103 67 -1 -1
9 6 89 1242 271 164 103 -1 -1
9 23 89 349 335 124 95 -1 -1
9 8 89 1348 274 103 73 -1 -1
9 26 89 1544 322 184 99 -1 -1
6 20 99 438 306 211 201 -1 -1
6 16 99 365 276 173 121 -1 -1
6 2 99 1556 234 117 84 -1 -1
6 22 99 1452 230 169 124 -1 -1
6 25 99 763 145 89 73 -1 -1
6 24 99 837 170 94 81 -1 -1
6 17 99 1657 282 183 126 -1 -1
6 27 99 863 73 94 100 -1 -1
7 3 100 750 270 157 137 -1 -1
7 7 100 389 313 538 217 -1 -1
8 12 93 887 262 185 171 -1 -1
8 5 93 488 229 245 100 -1 -1
9 21 90 778 319 177 161 -1 -1
9 0 90 1114 249 100 66 -1 -1
9 6 90 1231 268 161 101 -1 -1
9 23 90 342 339 126 96 -1 -1
9 8 90 1335 272 103 72 -1 -1
9 26 90 1523 317 180 97 -1 -1
9 11 90 1648 372 285 168 -1 -1
6 20 100 423 315 221 208 -1 -1
6 16 100 350 282 181 123 -1 -1
6 2 100 1546 229 116 83 -1 -1
6 22 100 1441 224 163 121 -1 -1
6 25 100 759 147 91 73 -1 -1
6 24 100 833 173 95 82 -1 -1
6 17 100 1641 276 180 123 -1 -1
6 27 100 859 73 94 101 -1 -1
7 3 101 751 268 157 143 -1 -1
7 7 101 302 317 532 220 -1 -1
8 12 94 888 262 185 171 -1 -1
8 5 94 500 231 244 97 -1 -1
9 21 91 779 322 182 162 -1 -1
9 0 91 1107 249 98 63 -1 -1
9 6 91 1223 265 156 101 -1 -1
9 23 91 336 341 128 98 -1 -1
9 8 91 1324 270 100 71 -1 -1
9 26 91 1509 314 171 94 -1 -1
9 11 91 1619 362 276 164 -1 -1
6 20 101 409 323 225 217 -1 -1
6 16 101 337 286 183 127 -1 -1
6 2 101 1538 226 114 82 -1 -1
6 25 101 756 149 90 74 -1 -1
6 24 101 830 175 96 85 -1 -1
6 17 101 1626 269 175 120 -1 -1
6 27 101 855 74 97 100 -1 -1
7 3 102 749 267 160 144 -1 -1
7 7 102 217 323 525 217 -1 -1
8 12 95 886 262 188 171 -1 -1
8 5 95 511 229 244 100 -1 -1
9 21 92 781 324 184 164 -1 -1
9 0 92 1099 247 98 62 -1 -1
9 6 92 1212 263 152 97 -1 -1
9 23 92 328 344 133 101 -1 -1
9 8 92 1313 269 98 69 -1 -1
9 26 92 1492 310 165 91 -1 -1
9 11 92 1596 358 261 154 -1 -1
6 20 102 393 334 233 224 -1 -1
6 16 102 322 292 188 130 -1 -1
6 2 102 1529 223 112 79 -1 -1
6 22 102 1422 216 152 112 -1 -1
6 25 102 751 151 92 75 -1 -1
6 24 102 827 178 98 88 -1 -1
6 17 102 1613 263 171 118 -1 -1
6 27 102 854 74 94 101 -1 -1
7 3 103 749 267 160 144 -1 -1
7 7 103 129 330 525 217 -1 -1
8 12 96 888 262 186 171 -1 -1
8 5 96 521 229 244 100 -1 -1
9 21 93 781 325 187 170 -1 -1
9 6 93 1203 260 148 97 -1 -1
9 23 93 321 350 135 100 -1 -1
9 8 93 1300 266 98 68 -1 -1
9 26 93 1474 306 162 91 -1 -1
9 11 93 1569 350 252 149 -1 -1
6 20 103 375 343 244 235 -1 -1
6 16 103 305 298 196 132 -1 -1
6 2 103 1520 218 108 80 -1 -1
6 22 103 1412 210 149 110 -1 -1
6 25 103 747 153 94 76 -1 -1
6 24 103 824 180 100 89 -1 -1
6 17 103 1601 257 166 115 -1 -1
6 27 103 850 73 94 103 -1 -1
7 3 104 749 267 160 144 -1 -1
7 7 104 48 336 511 216 -1 -1
8 12 97 888 262 185 171 -1 -1
8 5 97 532 229 243 100 -1 -1
9 21 94 782 329 189 171 -1 -1
9 6 94 1191 259 144 93 -1 -1
9 23 94 313 352 137 106 -1 -1
9 8 94 1286 263 100 68 -1 -1
9 26 94 1455 303 157 88 -1 -1
9 11 94 1545 344 243 145 -1 -1
6 20 104 358 354 250 245 -1 -1
6 16 104 288 304 203 134 -1 -1
6 2 104 1511 216 107 76 -1 -1
6 22 104 1404 204 144 109 -1 -1
6 25 104 742 154 95 77 -1 -1
6 24 104 821 183 100 92 -1 -1
6 17 104 1588 249 162 115 -1 -1
6 27 104 846 73 101 104 -1 -1
7 3 105 749 267 160 144 -1 -1
7 7 105 -35 342 505 216 -1 -1
8 12 98 888 262 185 171 -1 -1
8 5 98 542 230 242 100 -1 -1
9 21 95 783 331 191 173 -1 -1
9 6 95 1180 257 140 91 -1 -1
9 23 95 306 355 138 108 -1 -1
9 8 95 1275 262 98 67 -1 -1
9 26 95 1440 300 150 86 -1 -1
9 11 95 1522 339 234 139 -1 -1
6 20 105 337 364 262 257 -1 -1
6 16 105 269 307 211 142 -1 -1
6 2 105 1504 212 105 76 -1 -1
6 22 105 1396 201 139 105 -1 -1
6 25 105 736 156 97 80 -1 -1
6 24 105 815 186 106 95 -1 -1
6 17 105 1578 246 157 109 -1 -1
6 27 105 842 74 102 106 -1 -1
7 3 106 749 267 160 144 -1 -1
8 12 99 888 262 185 171 -1 -1
8 5 99 551 229 242 101 -1 -1
9 21 96 783 334 193 176 -1 -1
9 6 96 1169 255 137 91 -1 -1
9 23 96 297 360 140 110 -1 -1
9 8 96 1262 262 98 64 -1 -1
9 26 96 1422 297 148 84 -1 -1
9 11 96 1500 334 225 136 -1 -1
6 20 106 315 378 272 269 -1 -1
6 16 106 250 314 218 144 -1 -1
6 2 106 1496 209 102 73 -1 -1
6 22 106 1389 197 134 101 -1 -1
6 25 106 731 157 98 82 -1 -1
6 24 106 811 191 108 97 -1 -1
6 17 106 1567 240 153 107 -1 -1
6 27 106 838 75 107 106 -1 -1
7 3 107 749 267 160 144 -1 -1
8 12 100 888 262 185 171 -1 -1
8 5 100 560 228 242 103 -1 -1
9 21 97 783 338 197 178 -1 -1
9 6 97 1162 255 130 87 -1 -1
9 23 97 289 365 142 111 -1 -1
9 26 97 1406 295 144 82 -1 -1
9 11 97 1478 328 216 133 -1 -1
6 20 107 291 390 286 284 -1 -1
6 16 107 230 322 226 146 -1 -1
6 2 107 1490 206 100 71 -1 -1
6 22 107 1382 194 130 100 -1 -1
6 25 107 727 161 100 82 -1 -1
6 24 107 807 195 110 99 -1 -1
6 17 107 1556 236 148 105 -1 -1
6 27 107 832 76 110 106 -1 -1
7 3 108 749 267 160 145 -1 -1
8 12 101 888 261 185 173 -1 -1
8 5 101 569 229 241 102 -1 -1
9 21 98 784 339 198 182 -1 -1
9 6 98 1151 253 130 84 -1 -1
9 23 98 280 368 148 113 -1 -1
9 8 98 1236 258 101 61 -1 -1
9 26 98 1390 292 142 79 -1 -1
9 11 98 1459 324 207 129 -1 -1
6 20 108 267 404 298 299 -1 -1
6 16 108 204 327 241 151 -1 -1
6 2 108 1482 203 100 71 -1 -1
6 22 108 1374 190 127 97 -1 -1
6 25 108 719 164 103 82 -1 -1
6 24 108 804 198 112 103 -1 -1
6 17 108 1547 233 144 100 -1 -1
6 27 108 831 75 106 107 -1 -1
6 19 108 1722 304 225 148 -1 -1
7 3 109 751 266 157 147 -1 -1
8 12 102 888 262 184 172 -1 -1
8 5 102 578 229 241 103 -1 -1
9 21 99 784 341 200 185 -1 -1
9 6 99 1143 251 127 83 -1 -1
9 23 99 272 372 150 116 -1 -1
9 26 99 1376 289 138 77 -1 -1
9 11 99 1448 318 189 125 -1 -1
6 20 109 239 420 314 317 -1 -1
6 16 109 180 333 251 155 -1 -1
6 2 109 1476 201 97 69 -1 -1
6 22 109 1368 186 124 95 -1 -1
6 25 109 715 164 103 86 -1 -1
6 24 109 798 203 116 105 -1 -1
6 17 109 1539 227 139 101 -1 -1
6 27 109 826 75 106 108 -1 -1
6 18 109 869 150 85 73 -1 -1
6 19 109 1703 295 216 144 -1 -1
7 3 110 750 267 160 145 -1 -1
8 12 103 887 262 185 172 -1 -1
8 5 103 588 228 240 106 -1 -1
9 21 100 785 343 203 187 -1 -1
9 6 100 1134 247 127 85 -1 -1
9 23 100 265 376 154 119 -1 -1
9 26 100 1364 286 132 76 -1 -1
9 11 100 1424 315 188 121 -1 -1
6 20 110 210 439 331 334 -1 -1
6 16 110 151 342 266 159 -1 -1
6 2 110 1469 198 95 68 -1 -1
6 22 110 1361 184 120 92 -1 -1
6 25 110 710 167 106 88 -1 -1
6 24 110 794 207 119 107 -1 -1
6 17 110 1531 223 135 99 -1 -1
6 27 110 823 75 107 110 -1 -1
6 18 110 866 153 85 74 -1 -1
6 19 110 1684 289 213 139 -1 -1
7 3 111 749 267 160 144 -1 -1
7 20 111 1455 278 504 198 -1 -1
8 12 104 886 262 185 172 -1 -1
8 5 104 595 229 238 105 -1 -1
9 21 101 787 346 209 189 -1 -1
9 6 101 1126 247 125 81 -1 -1
9 23 101 259 381 157 120 -1 -1
9 26 101 1351 283 130 74 -1 -1
9 11 101 1409 310 183 119 -1 -1
6 20 111 179 456 347 355 -1 -1
6 16 111 122 348 277 162 -1 -1
6 2 111 1465 196 94 67 -1 -1
6 22 111 1357 180 116 91 -1 -1
6 25 111 704 170 109 88 -1 -1
6 24 111 791 212 120 110 -1 -1
6 17 111 1523 221 130 94 -1 -1
6 27 111 820 78 105 109 -1 -1
6 18 111 863 156 85 75 -1 -1
6 19 111 1670 282 202 135 -1 -1
7 3 112 749 267 160 145 -1 -1
7 20 112 1363 277 510 203 -1 -1
8 12 105 886 262 185 172 -1 -1
8 5 105 604 230 235 105 -1 -1
9 21 102 788 347 212 194 -1 -1
9 6 102 1119 244 121 80 -1 -1
9 23 102 251 385 159 124 -1 -1
9 26 102 1339 280 126 73 -1 -1
9 11 102 1388 309 181 112 -1 -1
6 20 112 146 477 365 379 -1 -1
6 16 112 91 355 290 167 -1 -1
6 22 112 1350 177 115 89 -1 -1
6 25 112 699 171 109 91 -1 -1
6 24 112 785 216 125 115 -1 -1
6 17 112 1514 217 130 94 -1 -1
6 27 112 815 77 113 112 -1 -1
6 18 112 860 157 88 79 -1 -1
6 19 112 1654 274 198 133 -1 -1
7 3 113 749 267 160 145 -1 -1
7 20 113 1268 280 517 204 -1 -1
8 12 106 886 262 185 172 -1 -1
8 5 106 611 230 235 105 -1 -1
8 29 106 -214 813 1346 312 -1 -1
9 21 103 789 350 215 196 -1 -1
9 6 103 1112 242 119 79 -1 -1
9 23 103 242 389 164 127 -1 -1
9 26 103 1328 278 124 70 -1 -1
9 11 103 1372 305 175 110 -1 -1
9 10 103 529 251 82 76 -1 -1
6 20 113 104 499 392 406 -1 -1
6 16 113 58 364 305 172 -1 -1
6 22 113 1346 176 112 85 -1 -1
6 25 113 694 173 112 94 -1 -1
6 24 113 780 220 127 119 -1 -1
6 17 113 1506 212 126 92 -1 -1
6 27 113 814 79 104 112 -1 -1
6 18 113 856 161 89 78 -1 -1
6 19 113 1640 268 189 130 -1 -1
7 3 114 749 267 160 144 -1 -1
7 20 114 1173 284 523 204 -1 -1
8 12 107 889 262 183 171 -1 -1
8 5 107 620 230 234 106 -1 -1
9 21 104 791 352 218 198 -1 -1
9 6 104 1106 241 116 77 -1 -1
9 23 104 235 394 166 129 -1 -1
9 26 104 1315 276 122 68 -1 -1
9 11 104 1358 300 171 109 -1 -1
9 10 104 528 253 82 77 -1 -1
6 20 114 65 523 413 442 -1 -1
6 16 114 20 372 322 178 -1 -1
6 22 114 1341 172 109 85 -1 -1
6 25 114 688 174 114 98 -1 -1
6 24 114 774 226 133 122 -1 -1
6 17 114 1500 209 121 91 -1 -1
6 27 114 807 77 110 116 -1 -1
6 18 114 852 164 94 79 -1 -1
6 19 114 1627 263 183 124 -1 -1
7 3 115 750 267 157 144 -1 -1
7 20 115 1076 284 528 211 -1 -1
8 12 108 888 263 185 169 -1 -1
8 5 108 629 230 232 106 -1 -1
9 21 105 793 353 217 203 -1 -1
9 6 105 1099 240 112 76 -1 -1
9 23 105 225 398 170 131 -1 -1
9 26 105 1304 273 118 67 -1 -1
9 11 105 1341 297 166 102 -1 -1
9 10 105 526 255 83 79 -1 -1
9 7 105 1679 327 256 147 -1 -1
6 20 115 14 553 443 470 -1 -1
6 16 115 -19 381 338 180 -1 -1
6 22 115 1337 168 106 85 -1 -1
6 25 115 682 177 115 100 -1 -1
6 24 115 769 231 137 127 -1 -1
6 17 115 1491 207 121 88 -1 -1
6 27 115 804 77 115 118 -1 -1
6 18 115 849 168 91 79 -1 -1
6 19 115 1613 257 180 120 -1 -1
7 3 116 749 267 160 144 -1 -1
7 20 116 977 287 529 214 -1 -1
8 12 109 887 262 188 170 -1 -1
8 5 109 637 228 231 109 -1 -1
9 21 106 794 356 220 205 -1 -1
9 6 106 1091 238 110 74 -1 -1
9 23 106 214 403 175 134 -1 -1
9 26 106 1292 270 115 67 -1 -1
9 11 106 1326 294 162 100 -1 -1
9 10 106 523 259 85 80 -1 -1
9 7 106 1654 323 249 142 -1 -1
6 20 116 -36 583 473 514 -1 -1
6 22 116 1333 165 103 85 -1 -1
6 25 116 676 179 119 102 -1 -1
6 24 116 764 236 138 133 -1 -1
6 17 116 1484 203 117 85 -1 -1
6 27 116 802 75 116 121 -1 -1
6 18 116 843 170 97 82 -1 -1
6 19 116 1600 252 177 118 -1 -1
6 28 116 871 139 89 76 -1 -1
7 3 117 749 267 159 145 -1 -1
7 20 117 876 290 537 216 -1 -1
8 12 110 887 262 189 171 -1 -1
8 5 110 645 228 226 109 -1 -1
9 21 107 793 358 224 208 -1 -1
9 6 107 1082 236 107 73 -1 -1
9 23 107 204 408 179 137 -1 -1
9 26 107 1279 270 115 64 -1 -1
9 11 107 1310 291 156 98 -1 -1
9 10 107 519 261 86 83 -1 -1
9 7 107 1631 317 238 138 -1 -1
6 22 117 1328 165 101 81 -1 -1
6 25 117 670 182 120 104 -1 -1
6 24 117 759 244 143 135 -1 -1
6 17 117 1477 200 116 85 -1 -1
6 27 117 797 74 118 125 -1 -1
6 18 117 839 171 99 85 -1 -1
6 19 117 1588 246 171 115 -1 -1
6 28 117 870 139 88 80 -1 -1
7 3 118 749 267 158 145 -1 -1
7 20 118 777 294 535 217 -1 -1
8 12 111 887 262 189 171 -1 -1
8 5 111 653 229 222 109 -1 -1
9 21 108 794 360 226 211 -1 -1
9 6 108 1076 234 105 73 -1 -1
9 23 108 192 414 185 139 -1 -1
9 26 108 1268 266 108 64 -1 -1
9 11 108 1296 287 152 97 -1 -1
9 10 108 515 266 89 85 -1 -1
9 7 108 1607 313 228 135 -1 -1
6 22 118 1324 162 100 79 -1 -1
6 25 118 663 187 122 103 -1 -1
6 24 118 750 250 151 140 -1 -1
6 17 118 1468 198 116 82 -1 -1
6 27 118 793 75 115 126 -1 -1
6 18 118 837 176 99 85 -1 -1
6 19 118 1577 240 166 113 -1 -1
6 28 118 865 140 89 83 -1 -1
7 20 119 676 299 537 217 -1 -1
8 12 112 886 262 189 171 -1 -1
8 5 112 659 230 220 109 -1 -1
9 21 109 793 363 229 214 -1 -1
9 6 109 1067 231 103 74 -1 -1
9 23 109 179 419 190 143 -1 -1
9 26 109 1255 264 109 64 -1 -1
9 11 109 1281 286 147 93 -1 -1
9 10 109 509 268 94 88 -1 -1
9 7 109 1582 310 225 130 -1 -1
6 22 119 1322 158 96 79 -1 -1
6 25 119 656 190 125 106 -1 -1
6 24 119 745 258 154 144 -1 -1
6 17 119 1460 194 115 82 -1 -1
6 27 119 789 76 119 127 -1 -1
6 18 119 833 176 101 91 -1 -1
6 19 119 1566 235 162 112 -1 -1
7 20 120 579 303 534 217 -1 -1
8 12 113 886 262 189 171 -1 -1
8 5 113 664 230 218 109 -1 -1
9 21 110 793 363 231 217 -1 -1
9 6 110 1058 232 103 70 -1 -1
9 23 110 166 423 196 149 -1 -1
9 26 110 1245 262 106 61 -1 -1
9 11 110 1265 283 146 91 -1 -1
9 10 110 505 272 94 90 -1 -1
9 7 110 1561 305 216 127 -1 -1
9 30 110 644 278 86 73 -1 -1
6 22 120 1319 157 94 77 -1 -1
6 25 120 650 191 126 112 -1 -1
6 24 120 738 266 157 149 -1 -1
6 17 120 1454 191 112 82 -1 -1
6 27 120 784 77 120 129 -1 -1
6 18 120 827 180 106 94 -1 -1
6 19 120 1557 231 157 108 -1 -1
7 3 121 748 277 158 95 -1 -1
7 20 121 479 312 532 214 -1 -1
8 12 114 886 262 189 171 -1 -1
8 5 114 671 231 214 110 -1 -1
9 21 111 790 365 236 220 -1 -1
9 6 111 1052 230 101 69 -1 -1
9 23 111 152 428 203 150 -1 -1
9 11 111 1252 281 142 88 -1 -1
9 10 111 501 276 97 92 -1 -1
9 7 111 1541 302 207 124 -1 -1
9 30 111 643 281 88 75 -1 -1
6 22 121 1314 155 95 76 -1 -1
6 25 121 642 195 131 114 -1 -1
6 24 121 733 273 161 155 -1 -1
6 17 121 1448 189 108 78 -1 -1
6 27 121 780 77 117 131 -1 -1
6 18 121 824 185 106 94 -1 -1
6 19 121 1548 227 153 106 -1 -1
6 28 121 849 150 97 82 -1 -1
7 3 122 749 268 158 139 -1 -1
7 20 122 381 314 529 216 -1 -1
8 12 115 886 262 189 171 -1 -1
8 5 115 676 231 212 112 -1 -1
9 21 112 786 367 245 222 -1 -1
9 6 112 1047 228 96 67 -1 -1
9 23 112 135 434 212 154 -1 -1
9 11 112 1241 276 136 88 -1 -1
9 10 112 494 278 104 98 -1 -1
9 7 112 1522 298 201 121 -1 -1
9 30 112 644 285 88 75 -1 -1
6 22 122 1312 154 91 73 -1 -1
6 25 122 634 196 136 119 -1 -1
6 24 122 723 282 169 161 -1 -1
6 17 122 1440 187 107 76 -1 -1
6 27 122 775 78 121 132 -1 -1
6 18 122 820 189 108 96 -1 -1
6 19 122 1538 222 150 104 -1 -1
6 28 122 846 151 97 85 -1 -1
7 3 123 750 267 157 144 -1 -1
7 20 123 287 317 520 221 -1 -1
7 16 123 1589 275 382 120 -1 -1
8 12 116 887 262 186 171 -1 -1
8 5 116 684 231 205 113 -1 -1
9 21 113 793 370 240 222 -1 -1
9 6 113 1041 226 95 68 -1 -1
9 23 113 122 439 220 156 -1 -1
9 11 113 1228 274 134 85 -1 -1
9 10 113 492 281 105 101 -1 -1
9 7 113 1505 296 192 117 -1 -1
9 30 113 644 288 89 77 -1 -1
6 22 123 1308 153 89 71 -1 -1
6 25 123 626 197 143 125 -1 -1
6 24 123 715 292 175 169 -1 -1
6 17 123 1431 184 107 76 -1 -1
6 27 123 771 79 121 133 -1 -1
6 18 123 815 194 110 96 -1 -1
6 19 123 1529 219 148 102 -1 -1
6 28 123 843 154 99 86 -1 -1
7 3 124 751 267 157 144 -1 -1
7 20 124 192 325 514 220 -1 -1
7 16 124 1544 277 382 118 -1 -1
8 12 117 888 262 185 171 -1 -1
8 5 117 691 230 202 115 -1 -1
9 21 114 795 369 242 227 -1 -1
9 6 114 1037 226 94 66 -1 -1
9 23 114 106 445 227 158 -1 -1
9 11 114 1217 273 131 82 -1 -1
9 10 114 489 285 107 104 -1 -1
9 7 114 1486 292 189 113 -1 -1
9 30 114 644 291 94 80 -1 -1
6 22 124 1307 151 88 71 -1 -1
6 25 124 620 206 138 123 -1 -1
6 24 124 709 302 179 176 -1 -1
6 17 124 1426 181 105 74 -1 -1
6 27 124 767 79 122 136 -1 -1
6 18 124 811 197 112 101 -1 -1
6 19 124 1522 215 141 100 -1 -1
6 28 124 840 156 97 88 -1 -1
7 3 125 751 267 157 144 -1 -1
7 20 125 99 333 508 217 -1 -1
7 16 125 1501 276 378 118 -1 -1
8 12 118 889 261 183 173 -1 -1
8 5 118 697 230 198 116 -1 -1
9 21 115 797 370 244 228 -1 -1
9 23 115 86 448 241 164 -1 -1
9 11 115 1209 270 126 82 -1 -1
9 10 115 484 288 109 109 -1 -1
9 7 115 1471 289 183 110 -1 -1
9 30 115 643 295 97 82 -1 -1
6 22 125 1303 150 88 70 -1 -1
6 25 125 612 211 142 124 -1 -1
6 24 125 698 312 188 185 -1 -1
6 17 125 1418 178 102 72 -1 -1
6 27 125 763 81 125 136 -1 -1
6 18 125 805 201 116 103 -1 -1
6 19 125 1511 212 140 97 -1 -1
6 28 125 832 158 103 91 -1 -1
7 3 126 751 267 157 144 -1 -1
7 20 126 9 339 499 217 -1 -1
7 16 126 1459 276 376 117 -1 -1
8 12 119 889 262 185 171 -1 -1
8 5 119 703 230 195 118 -1 -1
9 21 116 801 372 243 230 -1 -1
9 23 116 66 453 253 168 -1 -1
9 11 116 1199 267 122 79 -1 -1
9 10 116 478 294 115 111 -1 -1
9 7 116 1453 286 180 109 -1 -1
9 30 116 643 300 100 82 -1 -1
6 25 126 603 214 146 128 -1 -1
6 24 126 689 324 197 196 -1 -1
6 17 126 1413 178 100 70 -1 -1
6 27 126 759 80 123 140 -1 -1
6 18 126 802 206 117 106 -1 -1
6 19 126 1505 208 135 95 -1 -1
6 28 126 829 162 103 91 -1 -1
7 3 127 751 267 157 144 -1 -1
7 16 127 1417 274 375 118 -1 -1
8 12 120 887 262 188 171 -1 -1
8 5 120 709 231 190 118 -1 -1
9 21 117 801 373 247 232 -1 -1
9 23 117 45 459 265 172 -1 -1
9 11 117 1189 264 119 79 -1 -1
9 10 117 473 299 119 112 -1 -1
9 7 117 1437 284 175 105 -1 -1
9 30 117 642 302 103 88 -1 -1
9 31 117 638 254 78 80 -1 -1
6 25 127 595 218 149 133 -1 -1
6 24 127 681 335 202 206 -1 -1
6 17 127 1404 175 101 70 -1 -1
6 27 127 755 81 125 142 -1 -1
6 18 127 795 211 121 108 -1 -1
6 19 127 1499 206 133 93 -1 -1
6 28 127 825 164 106 95 -1 -1
6 33 127 858 58 118 121 -1 -1
7 3 128 751 267 157 144 -1 -1
7 16 128 1379 273 364 118 -1 -1
8 12 121 888 262 189 171 -1 -1
8 5 121 714 231 187 119 -1 -1
9 21 118 802 374 249 235 -1 -1
9 23 118 21 464 281 174 -1 -1
9 11 118 1180 262 116 76 -1 -1
9 10 118 465 302 125 119 -1 -1
9 7 118 1422 281 169 103 -1 -1
9 30 118 642 308 105 87 -1 -1
9 31 118 637 255 80 83 -1 -1
6 25 128 584 224 154 135 -1 -1
6 24 128 668 350 214 215 -1 -1
6 17 128 1397 173 100 68 -1 -1
6 27 128 748 81 128 145 -1 -1
6 18 128 789 215 127 113 -1 -1
6 19 128 1492 203 129 92 -1 -1
6 28 128 817 167 110 96 -1 -1
6 29 128 875 137 82 77 -1 -1
6 33 128 853 59 122 122 -1 -1
7 3 129 749 267 160 144 -1 -1
7 16 129 1342 272 358 118 -1 -1
8 12 122 888 262 189 171 -1 -1
8 5 122 720 231 181 120 -1 -1
9 21 119 802 376 250 235 -1 -1
9 23 119 -2 470 293 178 -1 -1
9 11 119 1171 259 112 76 -1 -1
9 10 119 459 306 127 124 -1 -1
9 7 119 1408 279 163 99 -1 -1
9 30 119 639 311 109 92 -1 -1
9 31 119 638 260 81 84 -1 -1
6 25 129 575 228 157 140 -1 -1
6 24 129 657 366 221 226 -1 -1
6 17 129 1386 158 103 83 -1 -1
6 27 129 743 82 129 147 -1 -1
6 18 129 783 219 131 118 -1 -1
6 19 129 1483 201 130 88 -1 -1
6 28 129 814 171 111 97 -1 -1
6 29 129 869 138 88 80 -1 -1
6 33 129 851 60 120 120 -1 -1
7 3 130 749 267 160 144 -1 -1
7 16 130 1305 270 352 118 -1 -1
8 12 123 888 262 187 171 -1 -1
8 5 123 724 233 179 118 -1 -1
9 21 120 802 379 252 235 -1 -1
9 23 120 -31 476 310 178 -1 -1
9 11 120 1160 256 112 76 -1 -1
9 10 120 453 312 129 126 -1 -1
9 7 120 1390 276 161 97 -1 -1
9 30 120 637 315 113 95 -1 -1
9 31 120 637 263 83 84 -1 -1
6 25 130 567 231 159 148 -1 -1
6 24 130 645 381 232 239 -1 -1
6 17 130 1380 156 99 82 -1 -1
6 27 130 738 85 131 147 -1 -1
6 18 130 777 225 133 121 -1 -1
6 19 130 1476 197 126 89 -1 -1
6 28 130 811 172 111 104 -1 -1
6 29 130 866 142 85 79 -1 -1
6 33 130 846 60 124 121 -1 -1
7 3 131 749 267 159 144 -1 -1
7 16 131 1272 269 342 117 -1 -1
8 12 124 887 261 188 172 -1 -1
8 5 124 729 234 174 118 -1 -1
9 21 121 802 380 252 237 -1 -1
9 11 121 1149 255 110 73 -1 -1
9 10 121 439 315 139 134 -1 -1
9 7 121 1375 273 158 95 -1 -1
9 30 121 633 321 115 98 -1 -1
9 31 121 635 268 89 84 -1 -1
6 25 131 555 236 166 151 -1 -1
6 24 131 631 400 245 253 -1 -1
6 17 131 1373 160 98 73 -1 -1
6 27 131 734 86 132 149 -1 -1
6 18 131 770 229 139 128 -1 -1
6 19 131 1471 195 124 87 -1 -1
6 28 131 803 176 116 106 -1 -1
6 29 131 863 143 86 82 -1 -1
6 33 131 843 60 125 122 -1 -1
7 3 132 749 267 158 144 -1 -1
7 16 132 1239 267 336 115 -1 -1
8 12 125 887 261 189 172 -1 -1
8 5 125 731 235 170 118 -1 -1
9 21 122 801 380 254 239 -1 -1
9 11 122 1138 252 107 73 -1 -1
9 10 122 430 320 143 140 -1 -1
9 7 122 1362 271 153 94 -1 -1
9 30 122 629 325 122 103 -1 -1
9 31 122 633 270 91 88 -1 -1
9 32 122 534 253 80 79 -1 -1
6 25 132 544 245 169 153 -1 -1
6 24 132 617 419 257 271 -1 -1
6 17 132 1366 157 97 73 -1 -1
6 27 132 729 86 136 152 -1 -1
6 18 132 764 234 143 133 -1 -1
6 19 132 1465 192 120 85 -1 -1
6 28 132 800 179 117 109 -1 -1
6 29 132 858 147 89 82 -1 -1
6 33 132 839 60 126 123 -1 -1
7 3 133 749 267 160 144 -1 -1
7 16 133 1208 267 328 112 -1 -1
8 12 126 887 261 189 172 -1 -1
8 5 126 737 235 163 119 -1 -1
9 21 123 802 381 255 240 -1 -1
9 11 123 1131 249 103 73 -1 -1
9 10 123 420 327 148 145 -1 -1
9 7 123 1346 269 149 91 -1 -1
9 30 123 627 328 125 110 -1 -1
9 31 123 633 275 91 87 -1 -1
9 32 123 530 257 82 79 -1 -1
6 25 133 535 250 172 157 -1 -1
6 24 133 599 442 275 289 -1 -1
6 17 133 1360 152 94 74 -1 -1
6 27 133 723 84 137 157 -1 -1
6 18 133 757 245 147 135 -1 -1
6 19 133 1460 189 117 83 -1 -1
6 28 133 793 182 122 115 -1 -1
6 29 133 853 148 92 85 -1 -1
6 33 133 836 61 128 124 -1 -1
7 3 134 750 267 157 144 -1 -1
7 16 134 1183 264 315 112 -1 -1
8 12 127 886 261 189 172 -1 -1
8 5 127 739 236 160 120 -1 -1
9 21 124 801 382 257 241 -1 -1
9 11 124 1123 249 99 70 -1 -1
9 10 124 408 333 155 151 -1 -1
9 7 124 1333 267 144 89 -1 -1
9 30 124 622 332 131 115 -1 -1
9 31 124 628 273 98 97 -1 -1
9 32 124 527 259 84 83 -1 -1
6 25 134 522 256 179 164 -1 -1
6 24 134 580 466 292 311 -1 -1
6 17 134 1355 152 91 72 -1 -1
6 27 134 717 86 142 160 -1 -1
6 18 134 749 251 152 140 -1 -1
6 19 134 1453 188 115 81 -1 -1
6 28 134 786 187 128 115 -1 -1
6 29 134 849 151 95 86 -1 -1
6 33 134 833 61 130 125 -1 -1
7 3 135 750 267 157 144 -1 -1
7 16 135 1157 259 306 113 -1 -1
8 12 128 887 261 186 172 -1 -1
8 5 128 742 236 156 121 -1 -1
9 21 125 802 382 256 243 -1 -1
9 11 125 1116 248 97 67 -1 -1
9 7 125 1322 266 139 85 -1 -1
9 30 125 618 339 137 119 -1 -1
9 31 125 630 278 96 96 -1 -1
9 32 125 526 261 84 85 -1 -1
6 25 135 510 261 183 172 -1 -1
6 24 135 561 494 308 334 -1 -1
6 27 135 710 87 145 163 -1 -1
6 18 135 742 252 157 154 -1 -1
6 19 135 1450 185 112 80 -1 -1
6 28 135 780 190 133 121 -1 -1
6 29 135 845 155 97 87 -1 -1
6 33 135 827 60 133 128 -1 -1
7 3 136 749 267 160 144 -1 -1
7 16 136 1133 255 297 113 -1 -1
7 13 136 1374 313 623 224 -1 -1
8 12 129 888 261 185 172 -1 -1
8 5 129 744 237 151 122 -1 -1
8 2 129 -165 615 1196 472 -1 -1
9 21 126 802 383 258 243 -1 -1
9 11 126 1107 246 97 65 -1 -1
9 10 126 385 347 167 166 -1 -1
9 7 126 1310 263 136 85 -1 -1
9 30 126 614 346 143 124 -1 -1
9 31 126 631 285 97 94 -1 -1
9 32 126 523 265 88 87 -1 -1
9 20 126 1674 327 252 144 -1 -1
6 25 136 497 270 190 174 -1 -1
6 24 136 538 527 331 362 -1 -1
6 27 136 705 88 147 165 -1 -1
6 18 136 736 260 161 160 -1 -1
6 19 136 1443 182 110 80 -1 -1
6 28 136 777 194 133 125 -1 -1
6 29 136 840 158 101 87 -1 -1
6 33 136 825 58 133 133 -1 -1
7 3 137 749 267 160 144 -1 -1
7 16 137 1109 253 288 111 -1 -1
7 13 137 1240 313 633 230 -1 -1
8 12 130 888 261 185 172 -1 -1
8 5 130 746 238 148 123 -1 -1
8 2 130 64 624 1228 476 -1 -1
9 21 127 804 383 260 245 -1 -1
9 11 127 1099 244 95 65 -1 -1
9 10 127 370 354 176 173 -1 -1
9 7 127 1299 260 133 85 -1 -1
9 30 127 610 354 149 126 -1 -1
9 31 127 628 286 106 100 -1 -1
9 32 127 522 269 88 88 -1 -1
9 20 127 1649 322 243 139 -1 -1
6 25 137 483 277 197 181 -1 -1
6 24 137 513 560 355 397 -1 -1
6 27 137 699 87 151 170 -1 -1
6 18 137 727 269 167 166 -1 -1
6 19 137 1439 180 108 79 -1 -1
6 28 137 773 199 135 128 -1 -1
6 29 137 834 160 107 91 -1 -1
6 33 137 820 59 134 134 -1 -1
7 3 138 750 267 157 144 -1 -1
7 16 138 1086 249 282 109 -1 -1
7 13 138 1103 316 642 235 -1 -1
8 12 131 888 262 185 171 -1 -1
8 5 131 747 238 146 125 -1 -1
8 14 131 1583 341 396 130 -1 -1
8 2 131 319 634 1242 471 -1 -1
9 21 128 805 383 261 247 -1 -1
9 11 128 1091 241 95 65 -1 -1
9 10 128 356 365 187 178 -1 -1
9 7 128 1288 259 130 82 -1 -1
9 30 128 607 363 153 129 -1 -1
9 31 128 628 290 109 102 -1 -1
9 32 128 519 272 91 90 -1 -1
9 20 128 1625 318 234 135 -1 -1
6 25 138 469 288 203 184 -1 -1
6 24 138 486 600 380 437 -1 -1
6 27 138 693 88 153 173 -1 -1
6 18 138 719 277 172 175 -1 -1
6 19 138 1436 177 103 79 -1 -1
6 28 138 766 203 140 131 -1 -1
6 29 138 832 162 106 95 -1 -1
6 33 138 818 59 135 137 -1 -1
7 3 139 750 267 157 144 -1 -1
7 16 139 1063 245 276 109 -1 -1
7 13 139 962 321 650 235 -1 -1
8 12 132 886 262 188 170 -1 -1
8 5 132 750 238 141 126 -1 -1
8 14 132 1557 339 391 127 -1 -1
8 2 132 593 642 1227 465 -1 -1
9 21 129 806 384 261 247 -1 -1
9 10 129 338 373 196 187 -1 -1
9 7 129 1277 257 127 79 -1 -1
9 30 129 603 368 160 137 -1 -1
9 31 129 629 295 112 103 -1 -1
9 32 129 516 275 94 92 -1 -1
9 20 129 1604 313 225 132 -1 -1
6 25 139 452 294 211 196 -1 -1
6 24 139 455 643 412 488 -1 -1
6 27 139 687 91 155 175 -1 -1
6 18 139 708 289 184 180 -1 -1
6 19 139 1430 176 103 76 -1 -1
6 28 139 759 208 145 137 -1 -1
6 29 139 823 164 115 98 -1 -1
6 33 139 812 60 139 138 -1 -1
7 3 140 749 267 160 144 -1 -1
7 16 140 1041 240 270 110 -1 -1
7 13 140 822 324 652 241 -1 -1
8 12 133 887 262 189 170 -1 -1
8 5 133 750 238 139 127 -1 -1
8 14 133 1531 335 387 130 -1 -1
8 2 133 871 650 1189 453 -1 -1
9 21 130 808 384 261 249 -1 -1
9 10 130 320 379 208 203 -1 -1
9 7 130 1269 254 123 79 -1 -1
9 30 130 598 379 167 142 -1 -1
9 31 130 628 298 115 107 -1 -1
9 32 130 512 276 97 97 -1 -1
9 20 130 1581 309 216 127 -1 -1
6 25 140 437 304 218 201 -1 -1
6 27 140 680 92 160 179 -1 -1
6 18 140 700 297 188 190 -1 -1
6 19 140 1425 175 103 73 -1 -1
6 28 140 755 212 148 143 -1 -1
6 29 140 822 166 112 100 -1 -1
6 33 140 807 61 146 138 -1 -1
7 3 141 750 267 160 144 -1 -1
7 16 141 1019 239 264 106 -1 -1
7 13 141 679 332 654 240 -1 -1
8 12 134 888 262 189 172 -1 -1
8 5 134 749 239 142 126 -1 -1
8 14 134 1504 332 387 129 -1 -1
9 21 131 808 386 263 249 -1 -1
9 11 131 1072 225 89 74 -1 -1
9 10 131 299 394 218 208 -1 -1
9 7 131 1259 252 119 79 -1 -1
9 30 131 591 386 175 151 -1 -1
9 31 131 628 299 118 115 -1 -1
9 32 131 509 283 100 97 -1 -1
9 20 131 1563 306 207 123 -1 -1
6 25 141 419 315 227 206 -1 -1
6 27 141 673 92 164 185 -1 -1
6 18 141 690 304 196 206 -1 -1
6 19 141 1421 172 100 73 -1 -1
6 28 141 744 216 160 152 -1 -1
6 29 141 814 170 119 102 -1 -1
6 33 141 806 61 142 139 -1 -1
7 3 142 751 267 159 144 -1 -1
7 16 142 995 237 263 103 -1 -1
7 13 142 537 337 661 243 -1 -1
8 12 135 888 262 187 171 -1 -1
8 5 135 748 239 140 128 -1 -1
8 14 135 1481 329 378 126 -1 -1
9 21 132 810 386 261 250 -1 -1
9 11 132 1067 224 87 73 -1 -1
9 10 132 277 404 229 221 -1 -1
9 7 132 1249 251 118 76 -1 -1
9 30 132 586 397 180 155 -1 -1
9 31 132 625 304 122 118 -1 -1
9 32 132 504 286 104 101 -1 -1
9 20 132 1541 300 202 122 -1 -1
6 25 142 403 323 233 220 -1 -1
6 27 142 667 94 166 186 -1 -1
6 18 142 682 315 202 218 -1 -1
6 19 142 1418 170 98 71 -1 -1
6 28 142 738 222 163 156 -1 -1
6 29 142 809 174 121 103 -1 -1
6 33 142 804 61 141 140 -1 -1
7 3 143 749 267 161 144 -1 -1
7 16 143 974 233 258 103 -1 -1
7 13 143 402 346 648 240 -1 -1
8 12 136 888 262 187 170 -1 -1
8 5 136 746 240 143 129 -1 -1
8 14 136 1460 326 369 126 -1 -1
9 21 133 810 388 261 249 -1 -1
9 11 133 1058 222 88 73 -1 -1
9 10 133 249 416 244 238 -1 -1
9 7 133 1238 249 116 74 -1 -1
9 30 133 577 407 188 163 -1 -1
9 31 133 624 307 124 122 -1 -1
9 32 133 499 291 106 103 -1 -1
9 20 133 1521 299 193 117 -1 -1
6 25 143 384 334 242 229 -1 -1
6 27 143 661 96 168 188 -1 -1
6 18 143 669 329 215 229 -1 -1
6 19 143 1413 169 98 70 -1 -1
6 28 143 736 231 162 159 -1 -1
6 29 143 807 175 120 109 -1 -1
6 33 143 800 61 143 143 -1 -1
7 3 144 748 267 162 144 -1 -1
7 16 144 949 232 259 100 -1 -1
7 13 144 267 355 640 240 -1 -1
8 12 137 888 262 187 170 -1 -1
8 5 137 743 241 145 129 -1 -1
8 14 137 1436 325 366 124 -1 -1
9 21 134 808 388 263 249 -1 -1
9 10 134 219 422 260 261 -1 -1
9 7 134 1227 248 115 72 -1 -1
9 30 134 565 421 202 169 -1 -1
9 31 134 620 310 130 131 -1 -1
9 32 134 493 294 110 107 -1 -1
9 20 134 1501 295 189 113 -1 -1
9 34 134 637 280 88 71 -1 -1
6 25 144 361 345 254 244 -1 -1
6 27 144 653 96 170 196 -1 -1
6 18 144 656 343 224 242 -1 -1
6 19 144 1409 167 96 69 -1 -1
6 28 144 729 238 166 164 -1 -1
6 29 144 803 179 125 112 -1 -1
6 33 144 793 60 146 148 -1 -1
7 3 145 748 267 162 144 -1 -1
7 16 145 924 229 259 100 -1 -1
7 13 145 135 363 634 238 -1 -1
8 12 138 888 262 188 170 -1 -1
8 5 138 743 242 143 130 -1 -1
8 14 138 1418 322 357 124 -1 -1
9 21 135 808 389 264 249 -1 -1
9 10 135 184 446 280 267 -1 -1
9 7 135 1219 245 109 73 -1 -1
9 30 135 558 433 207 181 -1 -1
9 31 135 615 317 139 132 -1 -1
9 32 135 486 299 115 110 -1 -1
9 20 135 1483 292 183 110 -1 -1
9 34 135 635 283 92 73 -1 -1
6 25 145 339 358 265 253 -1 -1
6 27 145 645 98 175 199 -1 -1
6 18 145 644 360 235 256 -1 -1
6 19 145 1407 165 94 67 -1 -1
6 28 145 721 244 172 173 -1 -1
6 29 145 792 183 133 114 -1 -1
6 33 145 789 59 148 151 -1 -1
7 3 146 748 267 162 144 -1 -1
7 16 146 901 226 256 100 -1 -1
7 13 146 8 372 624 237 -1 -1
8 12 139 888 262 186 172 -1 -1
8 5 139 739 243 146 129 -1 -1
8 14 139 1398 319 348 124 -1 -1
9 21 136 807 390 264 249 -1 -1
9 10 136 140 463 306 288 -1 -1
9 7 136 1208 243 107 71 -1 -1
9 30 136 543 447 220 193 -1 -1
9 31 136 612 320 142 142 -1 -1
9 32 136 480 305 118 112 -1 -1
9 20 136 1463 288 178 109 -1 -1
9 34 136 633 286 95 77 -1 -1
6 25 146 315 370 278 269 -1 -1
6 27 146 639 99 178 203 -1 -1
6 18 146 630 376 248 274 -1 -1
6 28 146 709 252 184 179 -1 -1
6 29 146 790 188 135 116 -1 -1
6 33 146 782 60 152 151 -1 -1
7 3 147 748 267 162 144 -1 -1
7 16 147 877 225 254 97 -1 -1
8 12 140 887 262 188 172 -1 -1
8 5 140 737 244 148 129 -1 -1
8 10 140 1432 341 458 190 -1 -1
9 21 137 807 389 264 251 -1 -1
9 10 137 94 482 332 314 -1 -1
9 7 137 1197 243 107 69 -1 -1
9 30 137 531 461 230 203 -1 -1
9 31 137 608 326 148 144 -1 -1
9 32 137 473 306 121 121 -1 -1
9 20 137 1444 286 174 105 -1 -1
9 34 137 632 290 97 78 -1 -1
6 25 147 289 384 290 284 -1 -1
6 27 147 631 101 181 208 -1 -1
6 18 147 614 396 263 290 -1 -1
6 28 147 702 260 188 187 -1 -1
6 29 147 783 191 139 124 -1 -1
6 33 147 777 58 157 157 -1 -1
7 3 148 748 267 162 144 -1 -1
7 16 148 852 225 256 93 -1 -1
8 12 141 887 262 189 171 -1 -1
8 5 141 735 245 149 130 -1 -1
8 10 141 1302 338 465 189 -1 -1
9 21 138 806 389 265 252 -1 -1
9 10 138 40 501 363 344 -1 -1
9 7 138 1190 242 105 66 -1 -1
9 30 138 514 479 247 215 -1 -1
9 31 138 603 332 154 151 -1 -1
9 32 138 464 312 127 124 -1 -1
9 20 138 1428 283 169 103 -1 -1
9 34 138 631 294 100 80 -1 -1
6 25 148 263 402 302 296 -1 -1
6 27 148 624 102 184 214 -1 -1
6 18 148 598 414 277 316 -1 -1
6 28 148 685 267 205 199 -1 -1
6 29 148 776 198 145 121 -1 -1
6 33 148 773 58 161 160 -1 -1
6 26 148 845 174 88 71 -1 -1
7 3 149 748 267 162 144 -1 -1
7 16 149 827 223 256 92 -1 -1
8 12 142 887 262 186 170 -1 -1
8 5 142 730 245 155 131 -1 -1
8 10 142 1167 332 478 191 -1 -1
9 21 139 806 390 268 253 -1 -1
9 10 139 -17 526 393 374 -1 -1
9 7 139 1181 239 103 67 -1 -1
9 30 139 499 498 260 232 -1 -1
9 31 139 600 338 157 157 -1 -1
9 32 139 458 318 131 126 -1 -1
9 20 139 1414 281 163 100 -1 -1
9 34 139 630 298 103 81 -1 -1
6 25 149 232 419 320 314 -1 -1
6 27 149 615 103 188 220 -1 -1
6 18 149 578 437 296 340 -1 -1
6 28 149 684 278 202 206 -1 -1
6 29 149 768 202 152 127 -1 -1
6 33 149 767 57 163 163 -1 -1
6 26 149 840 177 89 74 -1 -1
7 3 150 749 267 160 144 -1 -1
7 16 150 801 222 257 90 -1 -1
8 12 143 887 261 185 172 -1 -1
8 5 143 726 245 160 132 -1 -1
8 14 143 1340 310 304 119 -1 -1
8 10 143 1034 325 477 194 -1 -1
8 8 143 1495 400 476 179 -1 -1
9 21 140 808 389 267 256 -1 -1
9 7 140 1175 237 100 67 -1 -1
9 30 140 479 520 278 250 -1 -1
9 31 140 598 346 161 161 -1 -1
9 32 140 450 322 136 133 -1 -1
9 20 140 1397 279 161 97 -1 -1
9 34 140 631 301 105 83 -1 -1
6 25 150 197 439 340 334 -1 -1
6 27 150 607 104 193 227 -1 -1
6 18 150 559 464 314 365 -1 -1
6 28 150 675 288 208 215 -1 -1
6 29 150 763 209 156 127 -1 -1
6 33 150 762 57 167 166 -1 -1
6 26 150 833 181 94 76 -1 -1
7 3 151 749 267 159 144 -1 -1
7 16 151 776 221 256 89 -1 -1
7 18 151 1389 307 602 230 -1 -1
8 12 144 887 261 185 171 -1 -1
8 5 144 726 245 157 133 -1 -1
8 14 144 1328 308 295 117 -1 -1
8 10 144 897 321 481 196 -1 -1
8 8 144 1356 395 486 181 -1 -1
8 35 144 -135 593 1144 497 -1 -1
9 21 141 809 391 267 253 -1 -1
9 7 141 1168 235 98 66 -1 -1
9 30 141 457 544 298 271 -1 -1
9 31 141 592 353 169 169 -1 -1
9 32 141 441 327 140 139 -1 -1
9 20 141 1385 276 154 95 -1 -1
9 34 141 631 305 107 86 -1 -1
9 24 141 1630 364 309 177 -1 -1
6 25 151 160 458 362 361 -1 -1
6 27 151 600 107 196 231 -1 -1
6 18 151 535 493 340 400 -1 -1
6 28 151 660 297 223 232 -1 -1
6 29 151 757 212 160 136 -1 -1
6 33 151 756 60 169 166 -1 -1
6 26 151 830 183 94 79 -1 -1
6 23 151 878 140 81 77 -1 -1
7 3 152 749 265 158 146 -1 -1
7 16 152 750 219 257 89 -1 -1
7 18 152 1243 310 621 234 -1 -1
8 5 145 726 247 156 132 -1 -1
8 14 145 1318 305 285 118 -1 -1
8 10 145 763 321 483 190 -1 -1
8 8 145 1215 389 496 185 -1 -1
8 35 145 116 605 1168 496 -1 -1
9 21 142 810 391 268 254 -1 -1
9 7 142 1161 233 97 65 -1 -1
9 30 142 429 568 325 301 -1 -1
9 31 142 588 358 175 179 -1 -1
9 32 142 432 336 148 141 -1 -1
9 20 142 1370 272 152 95 -1 -1
9 34 142 631 308 110 91 -1 -1
9 24 142 1597 358 297 165 -1 -1
6 25 152 120 479 385 388 -1 -1
6 27 152 591 109 200 235 -1 -1
6 18 152 511 522 364 448 -1 -1
6 28 152 650 311 230 239 -1 -1
6 29 152 755 218 159 139 -1 -1
6 33 152 753 60 171 168 -1 -1
6 26 152 826 188 96 81 -1 -1
6 23 152 875 142 81 78 -1 -1
7 3 153 750 267 157 144 -1 -1
7 16 153 722 217 260 89 -1 -1
7 18 153 1101 310 627 242 -1 -1
8 5 146 723 247 158 133 -1 -1
8 14 146 1310 302 273 117 -1 -1
8 10 146 629 317 481 191 -1 -1
8 8 146 1073 383 502 189 -1 -1
8 35 146 389 614 1165 492 -1 -1
9 21 143 811 392 267 255 -1 -1
9 30 143 399 597 350 335 -1 -1
9 31 143 585 365 179 190 -1 -1
9 32 143 422 340 152 149 -1 -1
9 20 143 1359 271 148 91 -1 -1
9 34 143 631 313 113 93 -1 -1
9 24 143 1568 348 282 160 -1 -1
6 25 153 76 506 409 416 -1 -1
6 27 153 582 109 205 245 -1 -1
6 18 153 482 562 395 488 -1 -1
6 28 153 636 324 244 253 -1 -1
6 29 153 740 223 175 145 -1 -1
6 33 153 748 60 172 172 -1 -1
6 26 153 820 191 98 83 -1 -1
6 23 153 869 144 85 79 -1 -1
7 3 154 750 267 157 144 -1 -1
7 16 154 696 218 260 85 -1 -1
7 18 154 954 315 636 244 -1 -1
8 12 147 888 262 188 172 -1 -1
8 5 147 721 249 160 123 -1 -1
8 14 147 1302 299 261 117 -1 -1
8 10 147 497 316 483 186 -1 -1
8 8 147 929 379 507 189 -1 -1
8 35 147 676 619 1146 490 -1 -1
9 21 144 812 392 268 256 -1 -1
9 30 144 362 609 388 403 -1 -1
9 31 144 576 377 190 195 -1 -1
9 32 144 409 349 160 154 -1 -1
9 20 144 1346 268 144 89 -1 -1
9 34 144 628 317 118 95 -1 -1
9 24 144 1542 340 265 155 -1 -1
6 25 154 28 534 439 449 -1 -1
6 27 154 573 113 211 250 -1 -1
6 18 154 448 605 431 545 -1 -1
6 28 154 624 339 253 268 -1 -1
6 29 154 735 229 178 151 -1 -1
6 33 154 742 60 175 174 -1 -1
6 26 154 815 196 100 84 -1 -1
6 23 154 867 146 85 81 -1 -1
7 3 155 749 267 160 144 -1 -1
7 16 155 670 218 256 84 -1 -1
7 18 155 809 318 634 250 -1 -1
8 12 148 888 262 188 171 -1 -1
8 5 148 720 247 161 137 -1 -1
8 14 148 1295 297 250 115 -1 -1
8 10 148 368 306 477 197 -1 -1
8 8 148 787 376 505 186 -1 -1
8 35 148 943 627 1135 475 -1 -1
9 21 145 812 392 268 256 -1 -1
9 30 145 315 666 424 433 -1 -1
9 31 145 567 385 200 206 -1 -1
9 32 145 394 365 169 150 -1 -1
9 20 145 1333 266 140 88 -1 -1
9 34 145 625 322 122 100 -1 -1
9 24 145 1513 334 255 148 -1 -1
6 25 155 -26 554 470 503 -1 -1
6 27 155 563 114 220 257 -1 -1
6 28 155 609 352 266 285 -1 -1
6 29 155 727 236 182 157 -1 -1
6 33 155 736 61 178 178 -1 -1
6 26 155 810 201 102 86 -1 -1
6 23 155 863 147 85 85 -1 -1
7 3 156 750 266 160 145 -1 -1
7 16 156 642 217 257 83 -1 -1
7 25 156 1046 286 397 204 -1 -1
7 18 156 662 320 634 257 -1 -1
8 12 149 888 261 189 172 -1 -1
8 5 149 718 247 162 138 -1 -1
8 14 149 1286 295 243 114 -1 -1
8 10 149 244 306 469 193 -1 -1
8 8 149 644 372 504 187 -1 -1
9 21 146 812 393 268 256 -1 -1
9 31 146 558 394 209 220 -1 -1
9 32 146 379 364 176 169 -1 -1
9 20 146 1320 264 137 85 -1 -1
9 34 146 624 327 124 104 -1 -1
9 24 146 1488 329 244 142 -1 -1
6 27 156 554 116 222 265 -1 -1
6 28 156 593 371 283 304 -1 -1
6 29 156 718 244 191 161 -1 -1
6 33 156 730 60 182 181 -1 -1
6 26 156 803 206 107 88 -1 -1
6 23 156 858 153 89 82 -1 -1
7 3 157 750 266 160 145 -1 -1
7 16 157 613 217 260 83 -1 -1
7 25 157 916 287 430 211 -1 -1
7 18 157 518 328 625 256 -1 -1
8 12 150 888 261 189 172 -1 -1
8 5 150 717 248 162 138 -1 -1
8 14 150 1277 294 234 112 -1 -1
8 10 150 126 305 459 190 -1 -1
8 8 150 504 369 499 186 -1 -1
9 21 147 811 393 269 257 -1 -1
9 31 147 544 407 223 229 -1 -1
9 32 147 362 376 184 175 -1 -1
9 20 147 1308 261 134 85 -1 -1
9 34 147 621 333 128 105 -1 -1
9 24 147 1465 322 232 139 -1 -1
6 27 157 543 118 229 275 -1 -1
6 28 157 572 387 301 331 -1 -1
6 29 157 709 249 197 172 -1 -1
6 33 157 725 60 183 185 -1 -1
6 26 157 796 208 112 92 -1 -1
6 23 157 854 155 90 84 -1 -1
7 3 158 750 268 160 138 -1 -1
7 16 158 585 218 258 82 -1 -1
7 25 158 769 291 481 218 -1 -1
7 18 158 375 337 622 255 -1 -1
8 12 151 888 262 189 171 -1 -1
8 5 151 715 249 162 139 -1 -1
8 14 151 1269 292 228 111 -1 -1
8 10 151 9 304 451 186 -1 -1
8 8 151 366 368 499 183 -1 -1
9 21 148 811 393 270 258 -1 -1
9 31 148 533 416 232 247 -1 -1
9 32 148 342 382 196 185 -1 -1
9 20 148 1295 259 131 83 -1 -1
9 34 148 616 339 134 110 -1 -1
9 24 148 1445 318 216 132 -1 -1
6 27 158 533 120 233 283 -1 -1
6 28 158 555 410 317 353 -1 -1
6 29 158 700 261 205 174 -1 -1
6 33 158 720 60 185 188 -1 -1
6 26 158 792 213 112 97 -1 -1
6 23 158 850 158 92 86 -1 -1
7 16 159 554 218 259 82 -1 -1
7 25 159 633 296 515 223 -1 -1
7 18 159 235 344 615 256 -1 -1
8 12 152 887 262 189 171 -1 -1
8 5 152 713 249 163 140 -1 -1
8 14 152 1260 290 223 108 -1 -1
8 8 152 234 368 490 178 -1 -1
9 21 149 811 393 270 258 -1 -1
9 31 149 519 431 245 262 -1 -1
9 32 149 320 395 206 191 -1 -1
9 20 149 1284 258 127 82 -1 -1
9 34 149 610 346 140 112 -1 -1
9 24 149 1418 313 212 130 -1 -1
6 27 159 522 124 239 292 -1 -1
6 28 159 533 433 337 383 -1 -1
6 29 159 682 269 223 181 -1 -1
6 33 159 714 59 188 196 -1 -1
6 26 159 784 219 119 100 -1 -1
6 23 159 846 162 95 85 -1 -1
7 3 160 743 276 185 89 -1 -1
7 16 160 524 217 259 82 -1 -1
7 25 160 510 302 535 225 -1 -1
7 18 160 100 351 610 258 -1 -1
8 12 153 887 262 189 172 -1 -1
8 5 153 711 250 163 141 -1 -1
8 14 153 1251 287 216 109 -1 -1
8 8 153 109 366 477 175 -1 -1
9 21 150 810 394 270 258 -1 -1
9 31 150 502 443 259 283 -1 -1
9 32 150 297 405 217 206 -1 -1
9 20 150 1273 257 124 79 -1 -1
9 34 150 605 350 145 119 -1 -1
9 24 150 1395 308 207 125 -1 -1
6 27 160 511 126 245 299 -1 -1
6 28 160 508 460 362 421 -1 -1
6 29 160 680 280 220 188 -1 -1
6 33 160 708 58 193 199 -1 -1
6 26 160 779 225 120 102 -1 -1
6 23 160 842 164 96 89 -1 -1
7 16 161 494 217 259 81 -1 -1
7 25 161 406 308 532 222 -1 -1
7 18 161 -27 359 594 258 -1 -1
7 28 161 1275 290 642 253 -1 -1
8 12 154 887 262 186 171 -1 -1
8 5 154 709 251 164 141 -1 -1
8 14 154 1243 287 212 106 -1 -1
8 8 154 -13 363 468 174 -1 -1
9 21 151 810 395 270 258 -1 -1
9 31 151 481 460 277 302 -1 -1
9 32 151 272 413 232 221 -1 -1
9 20 151 1262 255 121 77 -1 -1
9 34 151 601 359 149 124 -1 -1
9 24 151 1374 306 201 118 -1 -1
6 27 161 496 129 256 311 -1 -1
6 28 161 479 489 392 462 -1 -1
6 29 161 668 288 232 200 -1 -1
6 33 161 701 62 196 199 -1 -1
6 26 161 771 229 125 107 -1 -1
6 23 161 837 166 98 94 -1 -1
7 3 162 749 266 160 145 -1 -1
7 16 162 466 217 256 82 -1 -1
7 25 162 302 313 529 223 -1 -1
7 28 162 1131 290 651 262 -1 -1
8 12 155 888 262 185 171 -1 -1
8 5 155 706 253 169 139 -1 -1
8 14 155 1238 284 202 105 -1 -1
8 31 155 1429 369 470 215 -1 -1
9 21 152 810 395 270 258 -1 -1
9 31 152 460 475 298 332 -1 -1
9 32 152 242 424 248 236 -1 -1
9 20 152 1253 252 118 77 -1 -1
9 34 152 597 366 153 128 -1 -1
9 24 152 1355 300 192 117 -1 -1
6 27 162 484 133 263 322 -1 -1
6 28 162 448 524 424 511 -1 -1
6 29 162 660 299 237 209 -1 -1
6 33 162 696 63 196 202 -1 -1
6 26 162 766 236 128 110 -1 -1
6 23 162 833 168 100 97 -1 -1
7 3 163 750 266 157 145 -1 -1
7 16 163 435 219 255 79 -1 -1
7 25 163 202 316 525 229 -1 -1
7 28 163 980 292 664 268 -1 -1
8 12 156 888 262 185 171 -1 -1
8 5 156 706 253 166 140 -1 -1
8 14 156 1227 284 203 102 -1 -1
8 31 156 1294 365 481 216 -1 -1
9 21 153 810 395 270 258 -1 -1
9 31 153 437 497 317 358 -1 -1
9 32 153 210 441 268 250 -1 -1
9 20 153 1243 251 116 75 -1 -1
9 34 153 592 373 158 134 -1 -1
9 24 153 1339 296 181 113 -1 -1
6 27 163 468 134 275 337 -1 -1
6 28 163 413 560 461 575 -1 -1
6 29 163 646 313 251 218 -1 -1
6 33 163 689 62 202 206 -1 -1
6 26 163 760 242 131 116 -1 -1
6 23 163 826 173 106 97 -1 -1
7 3 164 749 266 160 145 -1 -1
7 16 164 404 220 253 78 -1 -1
7 25 164 105 325 519 225 -1 -1
7 28 164 833 296 666 270 -1 -1
8 12 157 888 262 185 171 -1 -1
8 5 157 705 254 166 141 -1 -1
8 14 157 1217 281 202 103 -1 -1
8 31 157 1156 359 489 217 -1 -1
9 21 154 811 395 270 258 -1 -1
9 31 154 409 523 341 386 -1 -1
9 32 154 175 458 286 265 -1 -1
9 20 154 1233 249 115 73 -1 -1
9 34 154 588 380 163 142 -1 -1
9 24 154 1322 292 178 109 -1 -1
6 27 164 454 137 283 350 -1 -1
6 29 164 635 323 259 233 -1 -1
6 33 164 684 62 202 212 -1 -1
6 26 164 753 251 134 118 -1 -1
6 23 164 822 178 108 99 -1 -1
6 30 164 1688 384 238 154 -1 -1
7 16 165 372 221 254 77 -1 -1
7 25 165 13 333 505 223 -1 -1
7 28 165 685 302 661 273 -1 -1
8 12 158 888 262 185 171 -1 -1
8 5 158 703 254 167 142 -1 -1
8 14 158 1209 281 199 100 -1 -1
8 31 158 1020 353 490 220 -1 -1
8 18 158 1537 344 434 188 -1 -1
9 21 155 811 394 272 259 -1 -1
9 31 155 371 549 376 426 -1 -1
9 32 155 134 472 310 289 -1 -1
9 20 155 1225 247 112 71 -1 -1
9 34 155 580 389 172 148 -1 -1
9 24 155 1308 287 171 107 -1 -1
9 22 155 1645 364 314 186 -1 -1
6 27 165 438 141 295 362 -1 -1
6 29 165 617 340 278 242 -1 -1
6 33 165 677 61 205 218 -1 -1
6 26 165 744 257 140 125 -1 -1
6 23 165 818 180 109 103 -1 -1
6 30 165 1660 370 225 144 -1 -1
6 37 165 1726 309 215 143 -1 -1
7 16 166 339 222 253 77 -1 -1
7 28 166 535 307 663 278 -1 -1
7 10 166 22 235 273 96 -1 -1
8 12 159 888 262 187 171 -1 -1
8 5 159 702 254 169 143 -1 -1
8 14 159 1198 278 199 100 -1 -1
8 31 159 880 348 495 222 -1 -1
8 18 159 1411 340 447 189 -1 -1
9 21 156 813 394 271 260 -1 -1
9 31 156 332 576 406 477 -1 -1
9 32 156 87 489 337 314 -1 -1
9 20 156 1217 245 110 71 -1 -1
9 34 156 574 397 179 155 -1 -1
9 24 156 1294 284 163 104 -1 -1
9 22 156 1611 354 301 180 -1 -1
6 27 166 423 142 304 382 -1 -1
6 29 166 605 354 289 260 -1 -1
6 33 166 671 61 208 223 -1 -1
6 26 166 738 266 144 130 -1 -1
6 23 166 813 185 111 106 -1 -1
6 30 166 1632 355 216 136 -1 -1
6 35 166 862 158 85 74 -1 -1
6 37 166 1706 296 202 140 -1 -1
7 3 167 750 271 160 122 -1 -1
7 16 167 309 222 252 77 -1 -1
7 28 167 389 322 660 268 -1 -1
7 10 167 70 233 238 97 -1 -1
8 12 160 888 262 188 168 -1 -1
8 5 160 701 254 169 144 -1 -1
8 14 160 1188 276 197 99 -1 -1
8 31 160 741 346 495 220 -1 -1
8 18 160 1282 335 457 190 -1 -1
9 21 157 813 394 274 261 -1 -1
9 31 157 280 615 452 532 -1 -1
9 32 157 35 517 365 334 -1 -1
9 20 157 1209 243 108 71 -1 -1
9 34 157 565 408 187 160 -1 -1
9 24 157 1279 280 158 101 -1 -1
9 22 157 1581 346 283 171 -1 -1
6 27 167 403 147 319 397 -1 -1
6 29 167 589 371 304 277 -1 -1
6 33 167 663 61 214 227 -1 -1
6 26 167 728 275 152 134 -1 -1
6 23 167 809 188 113 109 -1 -1
6 30 167 1607 341 207 131 -1 -1
6 35 167 854 160 92 77 -1 -1
6 37 167 1681 287 195 135 -1 -1
7 3 168 751 268 157 142 -1 -1
7 16 168 275 223 250 79 -1 -1
7 28 168 243 322 657 278 -1 -1
7 10 168 71 231 263 101 -1 -1
8 12 161 889 262 187 170 -1 -1
8 5 161 700 254 169 145 -1 -1
8 14 161 1177 275 200 97 -1 -1
8 31 161 599 343 499 219 -1 -1
8 18 161 1154 330 462 192 -1 -1
9 21 158 813 394 274 261 -1 -1
9 32 158 -27 542 401 365 -1 -1
9 20 158 1200 243 105 67 -1 -1
9 34 158 557 419 194 167 -1 -1
9 24 158 1264 278 154 98 -1 -1
9 22 158 1550 339 270 163 -1 -1
6 27 168 384 153 332 412 -1 -1
6 29 168 573 392 319 292 -1 -1
6 33 168 655 62 218 233 -1 -1
6 26 168 719 283 157 143 -1 -1
6 23 168 803 190 118 116 -1 -1
6 30 168 1584 329 198 126 -1 -1
6 35 168 852 163 90 78 -1 -1
6 37 168 1664 280 184 129 -1 -1
7 3 169 750 266 157 145 -1 -1
7 16 169 245 223 246 80 -1 -1
7 28 169 108 335 639 274 -1 -1
7 10 169 79 231 278 100 -1 -1
8 12 162 888 262 188 171 -1 -1
8 5 162 699 255 170 144 -1 -1
8 14 162 1167 274 198 94 -1 -1
8 31 162 461 339 499 220 -1 -1
8 18 162 1025 324 466 194 -1 -1
9 21 159 813 394 274 261 -1 -1
9 20 159 1190 240 106 68 -1 -1
9 34 159 547 430 203 178 -1 -1
9 24 159 1250 275 149 95 -1 -1
9 22 159 1520 331 261 159 -1 -1
6 27 169 362 156 352 433 -1 -1
6 29 169 553 412 338 316 -1 -1
6 33 169 650 62 219 238 -1 -1
6 26 169 713 295 159 147 -1 -1
6 23 169 799 197 121 118 -1 -1
6 30 169 1562 317 189 122 -1 -1
6 35 169 848 166 92 80 -1 -1
6 37 169 1642 271 180 125 -1 -1
7 3 170 749 267 160 144 -1 -1
7 28 170 -24 344 625 273 -1 -1
7 10 170 98 231 279 100 -1 -1
8 5 163 697 255 171 146 -1 -1
8 14 163 1155 272 199 95 -1 -1
8 18 163 896 319 465 197 -1 -1
9 21 160 811 394 274 261 -1 -1
9 20 160 1182 239 102 67 -1 -1
9 34 160 534 441 214 191 -1 -1
9 24 160 1237 273 144 91 -1 -1
9 22 160 1496 326 246 151 -1 -1
6 27 170 339 160 365 457 -1 -1
6 29 170 533 437 358 338 -1 -1
6 33 170 641 62 224 244 -1 -1
6 26 170 703 307 167 154 -1 -1
6 23 170 793 201 125 121 -1 -1
6 30 170 1544 304 180 119 -1 -1
6 35 170 845 170 90 82 -1 -1
6 37 170 1623 262 175 122 -1 -1
7 3 171 749 266 160 145 -1 -1
7 10 171 116 231 268 100 -1 -1
8 5 164 695 256 173 147 -1 -1
8 14 164 1143 269 199 95 -1 -1
8 31 164 200 332 481 216 -1 -1
8 18 164 764 326 468 184 -1 -1
9 21 161 812 395 273 261 -1 -1
9 20 161 1174 237 99 66 -1 -1
9 34 161 520 457 227 200 -1 -1
9 24 161 1225 270 139 89 -1 -1
9 22 161 1470 321 237 145 -1 -1
9 36 161 631 289 88 74 -1 -1
6 27 171 312 165 388 479 -1 -1
6 29 171 509 463 383 367 -1 -1
6 33 171 634 65 228 246 -1 -1
6 26 171 692 318 176 161 -1 -1
6 23 171 786 206 128 125 -1 -1
6 30 171 1528 295 171 115 -1 -1
6 35 171 838 173 97 84 -1 -1
6 37 171 1610 255 162 118 -1 -1
7 3 172 749 267 160 144 -1 -1
8 14 165 1127 265 205 97 -1 -1
8 31 165 76 332 472 211 -1 -1
8 18 165 635 314 468 194 -1 -1
9 21 162 810 395 273 261 -1 -1
9 34 162 503 471 241 212 -1 -1
9 24 162 1210 267 137 89 -1 -1
9 22 162 1447 317 225 138 -1 -1
9 36 162 630 292 89 79 -1 -1
6 27 172 285 171 407 505 -1 -1
6 29 172 483 492 411 399 -1 -1
6 33 172 624 64 235 254 -1 -1
6 26 172 682 331 181 170 -1 -1
6 23 172 779 213 134 128 -1 -1
6 30 172 1510 285 165 110 -1 -1
6 35 172 833 176 99 86 -1 -1
6 37 172 1591 246 161 116 -1 -1
7 3 173 749 267 160 144 -1 -1
7 29 173 1226 292 714 252 -1 -1
7 10 173 149 229 281 101 -1 -1
8 12 166 889 261 185 172 -1 -1
8 5 166 692 262 173 111 -1 -1
8 14 166 1116 263 202 98 -1 -1
8 31 166 -40 334 454 204 -1 -1
8 18 166 506 318 471 184 -1 -1
9 21 163 810 395 270 259 -1 -1
9 34 163 482 487 260 230 -1 -1
9 24 163 1198 265 134 86 -1 -1
9 22 163 1425 312 214 133 -1 -1
9 36 163 627 297 92 81 -1 -1
6 27 173 251 176 433 538 -1 -1
6 29 173 455 526 442 440 -1 -1
6 33 173 614 66 244 258 -1 -1
6 26 173 671 346 190 178 -1 -1
6 23 173 772 219 140 133 -1 -1
6 30 173 1493 278 159 106 -1 -1
6 35 173 827 179 101 89 -1 -1
6 37 173 1575 242 157 111 -1 -1
7 3 174 749 266 160 145 -1 -1
7 29 174 1079 292 726 262 -1 -1
7 10 174 166 227 284 103 -1 -1
7 16 174 98 232 170 79 -1 -1
8 12 167 889 262 185 171 -1 -1
8 5 167 687 255 179 149 -1 -1
8 14 167 1098 261 211 97 -1 -1
8 18 167 385 306 460 196 -1 -1
9 21 164 810 396 271 259 -1 -1
9 34 164 464 508 274 242 -1 -1
9 24 164 1186 261 130 86 -1 -1
9 22 164 1403 306 205 131 -1 -1
9 36 164 625 302 95 82 -1 -1
9 28 164 1639 356 326 193 -1 -1
6 27 174 220 181 457 571 -1 -1
6 29 174 420 556 483 494 -1 -1
6 33 174 608 65 244 266 -1 -1
6 26 174 661 362 197 188 -1 -1
6 23 174 767 224 144 142 -1 -1
6 30 174 1481 269 151 101 -1 -1
6 35 174 822 182 104 92 -1 -1
6 37 174 1562 236 150 106 -1 -1
7 3 175 749 266 159 145 -1 -1
7 29 175 931 295 738 265 -1 -1
7 10 175 183 226 283 103 -1 -1
7 16 175 38 235 235 76 -1 -1
8 12 168 886 262 188 171 -1 -1
8 5 168 690 256 174 150 -1 -1
8 14 168 1087 260 207 94 -1 -1
8 18 168 267 301 451 198 -1 -1
8 34 168 1431 402 497 172 -1 -1
9 21 165 810 396 271 259 -1 -1
9 34 165 441 528 293 263 -1 -1
9 24 165 1176 259 125 85 -1 -1
9 22 165 1379 304 202 124 -1 -1
9 36 165 623 307 101 85 -1 -1
9 28 165 1600 346 315 186 -1 -1
6 27 175 184 186 482 610 -1 -1
6 29 175 383 593 524 563 -1 -1
6 33 175 600 65 247 275 -1 -1
6 26 175 646 378 211 202 -1 -1
6 23 175 762 231 149 146 -1 -1
6 30 175 1466 261 148 98 -1 -1
6 35 175 819 186 106 95 -1 -1
6 37 175 1550 226 144 109 -1 -1
7 3 176 749 267 158 144 -1 -1
7 29 176 783 303 739 265 -1 -1
7 10 176 200 226 283 104 -1 -1
8 12 169 887 262 186 171 -1 -1
8 5 169 688 256 176 151 -1 -1
8 14 169 1071 258 209 93 -1 -1
8 18 169 150 302 445 193 -1 -1
8 34 169 1296 398 513 173 -1 -1
9 21 166 810 395 271 260 -1 -1
9 34 166 417 552 314 286 -1 -1
9 24 166 1168 258 121 79 -1 -1
9 22 166 1361 298 192 122 -1 -1
9 36 166 621 311 104 89 -1 -1
9 28 166 1568 337 297 180 -1 -1
6 27 176 143 192 518 652 -1 -1
6 33 176 590 65 253 283 -1 -1
6 26 176 635 398 218 209 -1 -1
6 23 176 755 238 153 151 -1 -1
6 30 176 1456 254 141 95 -1 -1
6 35 176 811 193 110 94 -1 -1
6 37 176 1539 223 139 103 -1 -1
6 31 176 1690 361 237 174 -1 -1
7 29 177 632 305 749 271 -1 -1
7 10 177 217 227 282 103 -1 -1
8 12 170 887 262 185 171 -1 -1
8 5 170 688 256 177 153 -1 -1
8 14 170 1055 255 214 92 -1 -1
8 18 170 43 302 433 189 -1 -1
8 34 170 1156 394 525 174 -1 -1
9 21 167 810 395 272 261 -1 -1
9 34 167 383 580 346 313 -1 -1
9 24 167 1159 257 118 76 -1 -1
9 22 167 1343 293 186 119 -1 -1
9 36 167 619 316 109 91 -1 -1
9 28 167 1536 330 283 172 -1 -1
6 27 177 97 198 554 700 -1 -1
6 33 177 580 65 260 290 -1 -1
6 26 177 619 417 233 229 -1 -1
6 23 177 746 246 161 157 -1 -1
6 30 177 1440 246 139 94 -1 -1
6 35 177 807 196 111 97 -1 -1
6 37 177 1528 219 135 99 -1 -1
6 31 177 1663 346 225 166 -1 -1
7 3 178 749 271 156 120 -1 -1
7 29 178 487 317 742 268 -1 -1
7 10 178 230 227 286 103 -1 -1
8 12 171 886 262 188 171 -1 -1
8 5 171 688 257 177 151 -1 -1
8 14 171 1041 253 215 91 -1 -1
8 18 171 -61 301 423 186 -1 -1
8 34 171 1022 387 526 178 -1 -1
9 21 168 811 395 274 261 -1 -1
9 34 168 347 611 377 346 -1 -1
9 24 168 1150 254 114 76 -1 -1
9 22 168 1327 289 180 114 -1 -1
9 36 168 618 321 112 95 -1 -1
9 28 168 1508 322 270 166 -1 -1
