IDF1   IDP   IDR   MOTA   IDs  time

模型名称:  AttentionNet with CBAM

yolov7: w6

单相机融合处理-resnet50-选择最小值:  79.63 80.11 79.15 78.00  53  0.084525  ===
单相机融合处理-resnet50-选择平均值:  78.87 79.23 78.53 77.86  59  0.084328

多相机融合处理-resnet50-选择最小值-选择最小值:  80.50 80.74 80.26 78.43  49  0.083508  ===
多相机融合处理-resnet50-选择平均值-选择最小值:  79.36 79.54 79.19 78.25  55  0.083508
多相机融合处理-resnet50-选择平均值-选择平均值:  79.82 80.52 79.13 77.24  57  0.083598  ===
多相机融合处理-resnet50-选择最小值-选择平均值:  79.42 80.36 78.51 77.43  58  0.085248

单相机融合处理-resnet101-选择最小值:  79.36 79.48 79.23 76.89  38  0.097276
单相机融合处理-resnet101-选择平均值:  79.38 79.52 79.25 76.64  42  0.096659  ===

多相机融合处理-resnet101-选择最小值-选择最小值:  79.45 79.47 79.43 77.11  38  0.096672  ===
多相机融合处理-resnet101-选择平均值-选择最小值:  77.25 78.81 75.75 73.41  40  0.098590
多相机融合处理-resnet101-选择平均值-选择平均值:  77.25 79.50 75.12 72.01  35  0.096683
多相机融合处理-resnet101-选择最小值-选择平均值:  79.30 80.11 78.51 75.53  35   0.097443  ===

单一模型处理-deepsort:  76.29 72.97 79.93 77.50  84  0.054848
单一模型处理-resnet50:  78.21 80.07 76.43 75.22  53  0.068312
单一模型处理-resnet101:  77.47 79.83 75.25 73.35  45  0.082545


yolov7: e6

单相机融合处理-resnet50-选择最小值:  77.54 77.32 77.76 76.66  67  0.102454
单相机融合处理-resnet50-选择平均值:  77.97 78.08 77.86 76.29  58  0.102423  ===

多相机融合处理-resnet50-选择最小值-选择最小值:  78.57 78.31 78.84 77.53  58  0.103107
多相机融合处理-resnet50-选择平均值-选择最小值:  78.91 78.91 78.90 77.32  52  0.103863  ===
多相机融合处理-resnet50-选择平均值-选择平均值:  78.36 79.28 77.47 76.15  47  0.102934  ===
多相机融合处理-resnet50-选择最小值-选择平均值:  78.25 79.17 77.35 75.87  47  0.102349

单相机融合处理-resnet101-选择最小值:  79.57 78.39 80.78 78.69  52  0.116419  ===
单相机融合处理-resnet101-选择平均值:  79.54 78.53 80.58 78.33  57  0.116130

多相机融合处理-resnet101-选择最小值-选择最小值:  80.08 79.12 81.07 78.32  44  0.116325  ===
多相机融合处理-resnet101-选择平均值-选择最小值:  79.94 78.94 80.97 78.24  51  0.116367
多相机融合处理-resnet101-选择平均值-选择平均值:  79.64 79.00 80.28 77.38  44  0.117167  ===
多相机融合处理-resnet101-选择最小值-选择平均值:  79.39 78.83 79.95 77.27  39  0.116972

单一模型处理-deepsort:  74.57 71.91 77.44 79.14 104  0.073845
单一模型处理-resnet50:  76.58 79.48 73.89 72.69  46  0.087480
单一模型处理-resnet101:  78.86 79.49 78.25 75.73  42  0.103709  /  78.4 78.8 78.0 75.7  42