IDF1   IDP   IDR   MOTA   IDs  time

yolov7-w6:

单相机融合处理-resnet50-选择最小值:  78.08 79.51 76.70 76.20  60  0.106000
单相机融合处理-resnet50-选择平均值:  77.49 79.26 75.80 75.44  62  0.104366
多相机融合处理-resnet50-选择最小值-选择最小值:  79.17 80.27 78.10 76.72  55  0.106596
多相机融合处理-resnet50-选择平均值-选择最小值:  79.20 80.49 77.94 76.37  52  0.106689  ===
多相机融合处理-resnet50-选择平均值-选择平均值:  78.70 80.32 77.14 75.94  58  0.104582  ===
多相机融合处理-resnet50-选择最小值-选择平均值:  78.68 80.21 77.21 76.05  57  0.105628

单相机融合处理-resnet101-选择最小值:  77.20 79.86 74.71 72.75  44  0.118260
单相机融合处理-resnet101-选择平均值:  76.71 78.85 74.69 72.53  45  0.118719
多相机融合处理-resnet101-选择最小值-选择最小值:  78.78 79.62 77.96 75.77  39  0.119389  ===
多相机融合处理-resnet101-选择平均值-选择最小值:  78.76 79.71 77.84 75.31  39  0.119959
多相机融合处理-resnet101-选择平均值-选择平均值:  77.53 78.97 76.15 74.40  45  0.119682
多相机融合处理-resnet101-选择最小值-选择平均值:  78.18 79.43 76.97 74.90  45  0.120897  ===

单一模型处理-resnext101:  77.19 75.12 79.38 76.37  78  0.077570
单一模型处理-resnet50:  78.21 80.07 76.43 75.22  53  0.068312
单一模型处理-resnet101:  77.47 79.83 75.25 73.35  45  0.082545

yolov7-e6:


单相机融合处理-resnet50-选择最小值:  76.72 79.39 74.22 73.27  48  0.124988  ====
单相机融合处理-resnet50-选择平均值:  76.58 79.23 74.10 73.27  48  0.124234
多相机融合处理-resnet50-选择最小值-选择最小值:  78.90 79.41 78.40 76.10  49  0.124714  ===
多相机融合处理-resnet50-选择平均值-选择最小值:  77.97 78.74 77.21 75.40  56  0.124667
多相机融合处理-resnet50-选择平均值-选择平均值:  78.13 79.20 77.09 75.58  51  0.124425  ===
多相机融合处理-resnet50-选择最小值-选择平均值:  77.90 78.98 76.85 75.62  51  0.124652

单相机融合处理-resnet101-选择最小值:  78.16 78.43 77.89 75.42  43  0.138644
单相机融合处理-resnet101-选择平均值:  79.20 79.09 79.30 75.91  45  0.137839  ===
多相机融合处理-resnet101-选择最小值-选择最小值:  79.13 78.24 80.04 77.97  48  0.137854  ===
多相机融合处理-resnet101-选择平均值-选择最小值:  78.86 77.97 79.77 77.65  48  0.138771
多相机融合处理-resnet101-选择平均值-选择平均值:  78.33 78.05 78.62 76.40  48  0.137570
多相机融合处理-resnet101-选择最小值-选择平均值:  78.95 78.46 79.45 77.21  43  0.137707  ===

单一模型处理-resnext101:  76.05 74.44 77.72 78.89  90  0.096736
单一模型处理-resnet50:  76.58 79.48 73.89 72.69  46  0.087480
单一模型处理-resnet101:  78.86 79.49 78.25 75.73  42  0.10370



